1 0.278125 0.790625 0.115625 0.128125
1 0.38046875 0.81640625 0.1015625 0.13125
1 0.44765625 0.85 0.109375 0.1296875
1 0.5375 0.84921875 0.1 0.128125
1 0.625 0.8734375 0.1109375 0.1296875
1 0.6828125 0.8453125 0.11875 0.1234375
1 0.74140625 0.75703125 0.1734375 0.2015625
1 0.7703125 0.71171875 0.1921875 0.184375
1 0.79609375 0.66484375 0.2140625 0.1609375
1 0.815625 0.58203125 0.2140625 0.128125
1 0.8203125 0.5203125 0.2265625 0.0875
1 0.8359375 0.43515625 0.215625 0.103125
1 0.771875 0.3609375 0.36875 0.0890625
1 0.765625 0.3 0.375 0.13125
1 0.7671875 0.22890625 0.36875 0.1671875
1 0.53671875 0.5453125 0.1703125 0.0625
1 0.528125 0.60390625 0.171875 0.0765625
4 0.39140625 0.65078125 0.059375 0.0578125
4 0.44921875 0.65390625 0.0546875 0.05625
4 0.609375 0.1890625 0.0953125 0.0953125
4 0.53359375 0.23828125 0.0953125 0.090625
4 0.48984375 0.1546875 0.0984375 0.090625
4 0.4375 0.22734375 0.096875 0.0984375
4 0.36171875 0.27109375 0.096875 0.0984375
4 0.35703125 0.17734375 0.09375 0.1
4 0.2796875 0.2265625 0.0921875 0.1
4 0.190625 0.2625 0.1 0.1
4 0.290625 0.3296875 0.096875 0.0953125
4 0.27578125 0.43671875 0.1 0.1015625
4 0.18984375 0.38671875 0.0984375 0.1
4 0.08125 0.434375 0.1 0.10625
4 0.16875 0.4765625 0.1046875 0.1015625
4 0.12265625 0.5625 0.10625 0.096875
4 0.16171875 0.65546875 0.1046875 0.1109375