3 0.48046875 0.3390625 0.178125 0.1640625
3 0.478125 0.53203125 0.1875 0.296875
0 0.4140625 0.56640625 0.1453125 0.1875
0 0.309375 0.64140625 0.15 0.190625
0 0.240625 0.71640625 0.0984375 0.1453125
0 0.68671875 0.55703125 0.125 0.1796875
0 0.75234375 0.621875 0.1015625 0.1515625
1 0.80546875 0.39921875 0.0484375 0.071875
1 0.1703125 0.65703125 0.0328125 0.046875
1 0.259375 0.44296875 0.05625 0.075
1 0.24453125 0.81953125 0.0375 0.046875
1 0.43125 0.82578125 0.05625 0.075
1 0.63515625 0.78359375 0.05625 0.075