4 0.134375 0.59921875 0.0296875 0.0296875
4 0.22734375 0.6484375 0.0328125 0.0359375
4 0.35 0.65390625 0.125 0.1125
4 0.45390625 0.68203125 0.05625 0.0515625
4 0.440625 0.71875 0.05 0.046875
4 0.55546875 0.75546875 0.071875 0.0640625
4 0.52421875 0.6734375 0.09375 0.090625
4 0.53828125 0.5984375 0.0890625 0.090625
4 0.13828125 0.50625 0.0671875 0.05625
4 0.64140625 0.621875 0.03125 0.0234375
4 0.63203125 0.65703125 0.065625 0.059375
4 0.78203125 0.64609375 0.046875 0.0359375
4 0.8734375 0.634375 0.0640625 0.059375
4 0.88125 0.56953125 0.0484375 0.04375
4 0.9125 0.525 0.0328125 0.0296875
4 0.72734375 0.36640625 0.028125 0.028125
4 0.265625 0.3140625 0.0265625 0.03125
4 0.1953125 0.38203125 0.0609375 0.0546875
4 0.23671875 0.43125 0.059375 0.05
4 0.31640625 0.43359375 0.0453125 0.0328125
4 0.2421875 0.57421875 0.078125 0.0796875
4 0.28359375 0.38046875 0.10625 0.1015625
4 0.4125 0.40078125 0.084375 0.08125
4 0.50078125 0.3734375 0.103125 0.10625
4 0.38671875 0.31328125 0.1078125 0.0984375
4 0.4890625 0.2828125 0.0859375 0.0765625
4 0.63046875 0.3203125 0.1109375 0.1078125
4 0.825 0.396875 0.059375 0.09375
4 0.60390625 0.434375 0.090625 0.0828125
4 0.6828125 0.47265625 0.0546875 0.046875
4 0.73125 0.43671875 0.090625 0.0828125
4 0.84765625 0.52578125 0.0453125 0.0421875
4 0.78828125 0.49140625 0.078125 0.06875
4 0.31015625 0.496875 0.1125 0.1109375
4 0.3921875 0.5453125 0.1125 0.109375
4 0.52890625 0.54375 0.05625 0.046875
4 0.48203125 0.4703125 0.1125 0.1015625
4 0.59765625 0.52109375 0.0609375 0.05
4 0.603125 0.56796875 0.0578125 0.0515625
4 0.70859375 0.63671875 0.0953125 0.09375
4 0.8671875 0.6953125 0.05625 0.0546875
4 0.8015625 0.55703125 0.0859375 0.0859375
4 0.6640625 0.51484375 0.0796875 0.0625
4 0.671875 0.5734375 0.0890625 0.08125
4 0.77109375 0.690625 0.0828125 0.0765625
4 0.73515625 0.596875 0.04375 0.028125