3 0.0953125 0.0203125 0.190625 0.040625
3 0.64296875 0.2 0.7140625 0.396875
3 0.28203125 0.21875 0.5625 0.4375
3 0.2421875 0.47578125 0.3625 0.1828125
3 0.634375 0.453125 0.503125 0.2234375
3 0.2890625 0.5921875 0.284375 0.1140625
3 0.63671875 0.58046875 0.4171875 0.190625
3 0.275 0.6515625 0.3359375 0.25
3 0.6125 0.67265625 0.3515625 0.159375
3 0.58828125 0.7921875 0.28125 0.146875
3 0.3171875 0.77734375 0.2734375 0.128125
3 0.35078125 0.8359375 0.2046875 0.059375
3 0.346875 0.878125 0.2453125 0.1296875
3 0.57578125 0.9546875 0.20625 0.0828125
3 0.3953125 0.971875 0.15625 0.05625
3 0.81328125 0.8546875 0.0390625 0.05625
3 0.72734375 0.86484375 0.04375 0.059375
3 0.77578125 0.86484375 0.04375 0.0578125