3 0.7078125 0.2375 0.1515625 0.1609375
3 0.70234375 0.21875 0.259375 0.2421875
3 0.18125 0.71015625 0.14375 0.16875
3 0.30625 0.69140625 0.1765625 0.178125
3 0.2359375 0.5984375 0.0828125 0.0890625
3 0.175 0.70078125 0.225 0.271875
4 0.53203125 0.5921875 0.0515625 0.05625
4 0.76171875 0.37421875 0.0546875 0.05625
4 0.30703125 0.84375 0.046875 0.053125
3 0.5484375 0.278125 0.246875 0.1296875
3 0.61875 0.47265625 0.1765625 0.25
3 0.3859375 0.43671875 0.3515625 0.3765625
4 0.2015625 0.53203125 0.053125 0.0546875
4 0.8359375 0.59140625 0.05 0.0546875
3 0.50625 0.79609375 0.2734375 0.2859375
3 0.50234375 0.79296875 0.2296875 0.25
3 0.6890625 0.66484375 0.084375 0.090625
3 0.61640625 0.64765625 0.08125 0.0671875
3 0.72890625 0.525 0.209375 0.221875
3 0.778125 0.64609375 0.05 0.0546875
3 0.77734375 0.64609375 0.0921875 0.0859375
3 0.809375 0.7046875 0.05625 0.0578125