0 0.11953125 0.1390625 0.1421875 0.23125
0 0.36875 0.1453125 0.125 0.2328125
0 0.14609375 0.46484375 0.1421875 0.190625
0 0.07734375 0.51171875 0.08125 0.1109375
0 0.615625 0.140625 0.1578125 0.190625
0 0.8578125 0.14453125 0.15625 0.221875
0 0.38046875 0.475 0.1390625 0.228125
0 0.62578125 0.4671875 0.1296875 0.228125
0 0.384375 0.8015625 0.175 0.2140625
0 0.0953125 0.81015625 0.1125 0.16875
0 0.16875 0.7921875 0.125 0.209375
0 0.6234375 0.8296875 0.0515625 0.071875
0 0.815625 0.49765625 0.071875 0.115625
0 0.84921875 0.4734375 0.0875 0.15
0 0.915625 0.50859375 0.065625 0.103125
0 0.90234375 0.43984375 0.1015625 0.159375