4 0.1953125 0.715625 0.0796875 0.115625
4 0.2578125 0.3640625 0.0765625 0.1125
4 0.51796875 0.215625 0.075 0.0875
4 0.50390625 0.51015625 0.075 0.0828125
4 0.296875 0.61171875 0.08125 0.11875
4 0.34921875 0.6921875 0.078125 0.125
4 0.38671875 0.6375 0.071875 0.109375
4 0.484375 0.7296875 0.0828125 0.109375
4 0.496875 0.60234375 0.0515625 0.0984375
4 0.53515625 0.63046875 0.0875 0.11875
4 0.55859375 0.58125 0.0671875 0.090625
4 0.65546875 0.65859375 0.08125 0.1109375
4 0.6171875 0.55390625 0.075 0.090625
4 0.6453125 0.496875 0.0765625 0.1015625
4 0.703125 0.53359375 0.078125 0.1109375
4 0.7890625 0.39140625 0.084375 0.10625
4 0.76875 0.47890625 0.0703125 0.0984375
4 0.75546875 0.6015625 0.0828125 0.115625
1 0.3875 0.378125 0.109375 0.1921875
1 0.4515625 0.3625 0.109375 0.1609375
1 0.52734375 0.128125 0.1421875 0.125
1 0.4421875 0.7859375 0.1078125 0.2203125
1 0.58359375 0.6546875 0.1140625 0.2125
4 0.5 0.45546875 0.0734375 0.046875
4 0.5859375 0.259375 0.071875 0.0875
1 0.5140625 0.33125 0.075 0.1765625
1 0.428125 0.48359375 0.084375 0.215625
1 0.57265625 0.415625 0.075 0.234375
1 0.6078125 0.346875 0.0984375 0.20625
1 0.71875 0.27734375 0.115625 0.1828125
1 0.703125 0.41640625 0.125 0.1859375
1 0.70859375 0.340625 0.0875 0.153125
1 0.62265625 0.22734375 0.084375 0.1890625