5 0.415625 0.3078125 0.165625 0.14453125
5 0.475 0.1609375 0.1296875 0.2015625
5 0.59609375 0.18515625 0.07421875 0.1921875
5 0.68984375 0.2078125 0.0671875 0.18515625
5 0.78359375 0.2359375 0.07421875 0.178125
5 0.4578125 0.44921875 0.12734375 0.1296875
5 0.86875 0.375 0.0984375 0.09375
5 0.459375 0.8109375 0.13203125 0.1296875
5 0.6296875 0.85546875 0.13203125 0.1078125
5 0.9234375 0.74140625 0.14453125 0.09375
5 0.9421875 0.55546875 0.11328125 0.08671875
5 0.85703125 0.8234375 0.15390625 0.09609375
5 0.7390625 0.8328125 0.13671875 0.1078125