3 0.109375 0.0875 0.21875 0.175
3 0.0875 0.2234375 0.10625 0.0875
3 0.171875 0.190625 0.0734375 0.05625
3 0.30625 0.1390625 0.2046875 0.1671875
3 0.4609375 0.0703125 0.1 0.078125
3 0.475 0.16640625 0.1203125 0.096875
3 0.65390625 0.08046875 0.109375 0.090625
3 0.790625 0.04375 0.1734375 0.0859375
3 0.90546875 0.1421875 0.1890625 0.1890625
3 0.553125 0.096875 0.0859375 0.071875
3 0.75546875 0.12265625 0.1015625 0.075
3 0.63203125 0.190625 0.1453125 0.115625
3 0.76484375 0.21015625 0.0828125 0.06875
3 0.09609375 0.76796875 0.1046875 0.084375
3 0.09453125 0.83984375 0.0609375 0.0515625
3 0.12890625 0.93203125 0.24375 0.1359375
3 0.23828125 0.7953125 0.20625 0.165625
3 0.30703125 0.91171875 0.1234375 0.0953125
3 0.3984375 0.815625 0.115625 0.0953125
3 0.51328125 0.80234375 0.1046875 0.0828125
3 0.6203125 0.834375 0.125 0.0953125
3 0.7625 0.82421875 0.146875 0.1140625
3 0.91640625 0.8140625 0.13125 0.103125
3 0.48125 0.91796875 0.175 0.1390625
3 0.65234375 0.9359375 0.1453125 0.1171875
3 0.86015625 0.93046875 0.2671875 0.1390625