5 0.14296875 0.4703125 0.134375 0.2546875
5 0.32421875 0.53359375 0.11796875 0.2140625
5 0.290625 0.41796875 0.1109375 0.2328125
5 0.42578125 0.396875 0.10546875 0.23828125
5 0.39765625 0.625 0.071875 0.1421875
5 0.42890625 0.728125 0.15625 0.10546875
5 0.54921875 0.625 0.07421875 0.1515625
5 0.4953125 0.50703125 0.09609375 0.22109375
5 0.66796875 0.55078125 0.1109375 0.21640625
5 0.58203125 0.40390625 0.09375 0.24296875
5 0.71484375 0.44375 0.11328125 0.25
5 0.8453125 0.51953125 0.1390625 0.259375