3 0.25234375 0.30234375 0.115625 0.171875
3 0.25234375 0.34921875 0.275 0.321875
3 0.50390625 0.3453125 0.1171875 0.1859375
3 0.63203125 0.2875 0.05625 0.1484375
3 0.76171875 0.35234375 0.1484375 0.20625
3 0.64296875 0.459375 0.0515625 0.10625
3 0.47890625 0.55703125 0.0609375 0.0984375
3 0.58203125 0.553125 0.0546875 0.09375
3 0.759375 0.615625 0.16875 0.259375
3 0.6078125 0.67890625 0.059375 0.09375
3 0.47421875 0.690625 0.059375 0.0796875
3 0.475 0.71171875 0.1109375 0.1453125
3 0.28671875 0.678125 0.0875 0.1484375