3 0.3234375 0.4421875 0.1375 0.1546875
3 0.4046875 0.3671875 0.0734375 0.078125
3 0.49765625 0.5 0.13125 0.134375
3 0.5921875 0.27734375 0.075 0.0703125
3 0.6796875 0.3390625 0.0640625 0.0578125
3 0.66953125 0.2609375 0.13125 0.1203125
3 0.59296875 0.36875 0.071875 0.071875
3 0.3890625 0.646875 0.153125 0.146875
3 0.34375 0.546875 0.0671875 0.071875
3 0.4015625 0.528125 0.065625 0.0625
3 0.5515625 0.5703125 0.065625 0.0625
3 0.4953125 0.59609375 0.0625 0.0609375
3 0.6484375 0.5484375 0.071875 0.075
3 0.4984375 0.6578125 0.0734375 0.071875
3 0.60390625 0.646875 0.146875 0.1421875
3 0.66875 0.44375 0.140625 0.1609375
3 0.4984375 0.3171875 0.1578125 0.1421875
3 0.4984375 0.409375 0.065625 0.0625
3 0.4390625 0.41875 0.0671875 0.0609375
3 0.4125 0.46953125 0.0625 0.065625
3 0.5859375 0.471875 0.0609375 0.065625
3 0.55703125 0.41875 0.0671875 0.065625
3 0.7328125 0.5171875 0.059375 0.078125
3 0.40390625 0.2796875 0.0734375 0.071875
3 0.371875 0.32734375 0.0625 0.0578125
3 0.31640625 0.340625 0.0671875 0.0578125