0 0.81875 0.34609375 0.1609375 0.16875
0 0.39375 0.6078125 0.1375 0.2015625
0 0.58359375 0.6828125 0.09375 0.2015625
0 0.14765625 0.75859375 0.1734375 0.2140625
0 0.42734375 0.92734375 0.1703125 0.1453125
0 0.11640625 0.5828125 0.1203125 0.128125
0 0.32890625 0.475 0.146875 0.18125
0 0.85859375 0.65625 0.1625 0.0671875
0 0.48359375 0.30859375 0.134375 0.165625
0 0.6390625 0.39921875 0.1234375 0.115625
0 0.48984375 0.44921875 0.0890625 0.0671875
0 0.23984375 0.3328125 0.103125 0.103125
0 0.1421875 0.12734375 0.1203125 0.125
0 0.30859375 0.08984375 0.10625 0.0984375
0 0.50546875 0.06484375 0.1015625 0.0875
0 0.621875 0.1390625 0.1125 0.1109375
0 0.8296875 0.17578125 0.134375 0.15
0 0.8921875 0.4796875 0.115625 0.128125
0 0.98125 0.55078125 0.0375 0.115625