5 0.53984375 0.2671875 0.81484375 0.4859375
5 0.5109375 0.46640625 0.9734375 0.53359375
5 0.68515625 0.60078125 0.146875 0.37734375
5 0.540625 0.61640625 0.10546875 0.2671875
5 0.09140625 0.65234375 0.15859375 0.5796875
5 0.303125 0.6671875 0.1078125 0.35546875
5 0.4125 0.69453125 0.13203125 0.2328125
5 0.18125 0.69921875 0.1875 0.59609375
5 0.7984375 0.803125 0.1609375 0.290625
5 0.4671875 0.83515625 0.2234375 0.08671875
5 0.6453125 0.88125 0.1296875 0.22109375
5 0.453125 0.915625 0.25703125 0.1421875