4 0.49453125 0.4546875 0.228125 0.4046875
4 0.59453125 0.70078125 0.0828125 0.0984375
4 0.56796875 0.85546875 0.2078125 0.2890625
4 0.28671875 0.66328125 0.1609375 0.278125
4 0.21328125 0.86640625 0.14375 0.2625
4 0.05546875 0.67109375 0.1015625 0.2
4 0.06796875 0.82578125 0.0921875 0.1765625
4 0.928125 0.8078125 0.14375 0.3546875
4 0.72265625 0.1078125 0.1828125 0.215625
1 0.83359375 0.25390625 0.3328125 0.5078125
1 0.37734375 0.290625 0.509375 0.3734375
1 0.15390625 0.63671875 0.140625 0.4203125
1 0.28203125 0.9140625 0.1234375 0.171875
1 0.41796875 0.87734375 0.1015625 0.2453125
1 0.78984375 0.9203125 0.1703125 0.159375