0 0.1890625 0.80078125 0.2234375 0.2765625
0 0.1296875 0.6390625 0.2328125 0.27890625
0 0.47734375 0.68046875 0.18046875 0.2046875
0 0.40390625 0.9125 0.1515625 0.16796875
0 0.6453125 0.9015625 0.16328125 0.1828125
0 0.85234375 0.78125 0.21171875 0.27421875
0 0.86171875 0.59140625 0.228125 0.25234375
0 0.75234375 0.4578125 0.2359375 0.271875
0 0.58046875 0.3734375 0.2140625 0.2765625
0 0.4046875 0.321875 0.2546875 0.2765625
0 0.14296875 0.46171875 0.25 0.259375
0 0.2703125 0.390625 0.25234375 0.2984375