4 0.1390625 0.50234375 0.0796875 0.06953125
4 0.24140625 0.5734375 0.0765625 0.0796875
4 0.196875 0.37890625 0.071875 0.0578125
4 0.2359375 0.4265625 0.05546875 0.0484375
4 0.2859375 0.375 0.10546875 0.08671875
4 0.30625 0.49765625 0.11328125 0.1078125
4 0.38828125 0.53828125 0.12265625 0.115625
4 0.3484375 0.6515625 0.12265625 0.11796875
4 0.525 0.6703125 0.09140625 0.09375
4 0.71171875 0.63359375 0.09375 0.08671875
4 0.63203125 0.6546875 0.06484375 0.0625
4 0.553125 0.75390625 0.0796875 0.06484375
4 0.5015625 0.36796875 0.10546875 0.10078125
4 0.484375 0.4671875 0.115625 0.09375
4 0.415625 0.39921875 0.0890625 0.084375
4 0.3859375 0.30859375 0.1109375 0.09609375
4 0.49140625 0.2828125 0.09609375 0.0765625
4 0.63359375 0.3234375 0.11328125 0.1109375
4 0.7296875 0.4375 0.10546875 0.0890625
4 0.821875 0.3953125 0.05546875 0.0984375
4 0.7859375 0.48671875 0.07421875 0.06484375
4 0.80546875 0.55546875 0.09609375 0.08671875
4 0.671875 0.56875 0.09375 0.08203125
4 0.665625 0.51328125 0.07421875 0.06015625
4 0.6 0.51796875 0.0578125 0.05546875
4 0.771875 0.6875 0.0890625 0.09140625
4 0.87265625 0.634375 0.06953125 0.0671875
4 0.86640625 0.696875 0.05078125 0.0578125