0 0.2984375 0.646875 0.103125 0.14375
0 0.13125 0.53046875 0.090625 0.125
0 0.21328125 0.50078125 0.0984375 0.1234375
0 0.30703125 0.5109375 0.0984375 0.121875
0 0.40234375 0.51015625 0.096875 0.10625
0 0.4015625 0.63046875 0.0984375 0.1359375
0 0.571875 0.665625 0.0984375 0.1296875
0 0.6734375 0.596875 0.09375 0.1328125
0 0.825 0.7765625 0.1046875 0.14375
0 0.85234375 0.60703125 0.1046875 0.13125
0 0.90625 0.53046875 0.0921875 0.109375
0 0.8203125 0.4734375 0.078125 0.1171875
0 0.88828125 0.4265625 0.090625 0.1
0 0.8046875 0.2421875 0.078125 0.0765625
0 0.39609375 0.4171875 0.090625 0.0859375
0 0.11953125 0.428125 0.06875 0.084375
0 0.20625 0.41171875 0.0921875 0.0640625
0 0.3 0.4171875 0.090625 0.065625
0 0.48359375 0.465625 0.078125 0.0953125
0 0.55546875 0.53125 0.090625 0.1140625
0 0.64765625 0.50078125 0.090625 0.09375
0 0.7421875 0.48125 0.09375 0.1015625
0 0.5671875 0.4515625 0.08125 0.0703125
0 0.52578125 0.5640625 0.0796875 0.09375
0 0.725 0.121875 0.0734375 0.0578125
0 0.79609375 0.32265625 0.05625 0.1234375
0 0.24140625 0.12109375 0.065625 0.0375
0 0.321875 0.1046875 0.06875 0.04375