4 0.29296875 0.2046875 0.17578125 0.1921875
4 0.19375 0.3453125 0.1921875 0.196875
4 0.165625 0.5328125 0.1828125 0.18984375
4 0.17890625 0.71015625 0.2015625 0.1875
4 0.3484375 0.821875 0.19921875 0.19921875
4 0.55625 0.86796875 0.2015625 0.18984375
4 0.7171875 0.7828125 0.19921875 0.18984375
4 0.84375 0.63125 0.20703125 0.1875
4 0.88359375 0.43984375 0.19453125 0.19453125
4 0.63671875 0.6 0.19453125 0.19453125
4 0.475 0.68046875 0.2015625 0.1921875
4 0.33671875 0.55859375 0.18515625 0.18515625
4 0.365625 0.38359375 0.19921875 0.178125
4 0.53515625 0.34765625 0.18046875 0.196875
4 0.6875 0.4328125 0.2046875 0.17578125
4 0.7953125 0.2671875 0.18515625 0.1921875
4 0.63671875 0.17578125 0.18515625 0.2015625
4 0.4625 0.16015625 0.17578125 0.19453125