0 0.22734375 0.56484375 0.08203125 0.1296875
0 0.33046875 0.50703125 0.12734375 0.2015625
0 0.25 0.6578125 0.084375 0.09609375
0 0.34375 0.6765625 0.08203125 0.12265625
0 0.38125 0.6390625 0.084375 0.09140625
0 0.46015625 0.68046875 0.084375 0.103125
0 0.5328125 0.75703125 0.09140625 0.10546875
0 0.6359375 0.66953125 0.084375 0.13203125
0 0.584375 0.6109375 0.1390625 0.15390625
0 0.4734375 0.43984375 0.13203125 0.19921875
0 0.47109375 0.55078125 0.13671875 0.12734375
0 0.671875 0.4625 0.084375 0.0984375
0 0.75390625 0.55078125 0.084375 0.11328125
0 0.74765625 0.61640625 0.0890625 0.08203125
0 0.66015625 0.4984375 0.084375 0.08203125