4 0.20078125 0.28125 0.071875 0.0703125
4 0.2703125 0.18359375 0.0796875 0.0640625
0 0.2109375 0.07734375 0.125 0.13125
0 0.35625 0.1078125 0.1296875 0.1265625
0 0.6484375 0.05 0.0828125 0.09375
0 0.89140625 0.0546875 0.078125 0.084375
0 0.9296875 0.17734375 0.1296875 0.1421875
0 0.7671875 0.25625 0.140625 0.1328125
0 0.61953125 0.17578125 0.1484375 0.1453125
0 0.05859375 0.2234375 0.109375 0.121875
0 0.2734375 0.25390625 0.1078125 0.0859375
0 0.17109375 0.2421875 0.0984375 0.084375
0 0.39609375 0.26171875 0.1125 0.0765625
0 0.09453125 0.3703125 0.140625 0.134375
0 0.44609375 0.19375 0.09375 0.109375
0 0.6328125 0.32734375 0.125 0.1234375
0 0.91640625 0.33046875 0.1390625 0.15
0 0.43359375 0.39296875 0.140625 0.146875
0 0.26640625 0.38515625 0.1390625 0.1171875
0 0.76484375 0.40859375 0.1453125 0.1328125
0 0.915625 0.4921875 0.1484375 0.1421875
0 0.08515625 0.51796875 0.159375 0.11875
0 0.240625 0.525 0.1203125 0.121875
0 0.40234375 0.55078125 0.121875 0.1265625
0 0.56640625 0.60703125 0.1296875 0.125
0 0.7140625 0.5375 0.1203125 0.125
0 0.57890625 0.46796875 0.125 0.1359375
0 0.07578125 0.65546875 0.1390625 0.125
0 0.228125 0.6703125 0.13125 0.1296875
0 0.43515625 0.6890625 0.1296875 0.1390625
0 0.82265625 0.6296875 0.1203125 0.1234375
0 0.92265625 0.7734375 0.1296875 0.125
0 0.57734375 0.76328125 0.1421875 0.1453125
0 0.0640625 0.7859375 0.1015625 0.0890625
0 0.28203125 0.8 0.1203125 0.125
0 0.4578125 0.82265625 0.1109375 0.109375
0 0.403125 0.93984375 0.184375 0.1015625
0 0.22890625 0.925 0.1140625 0.1
0 0.07890625 0.925 0.14375 0.1390625
0 0.5765625 0.9328125 0.1296875 0.1234375
0 0.7203125 0.8796875 0.121875 0.1125
0 0.77421875 0.9171875 0.134375 0.1265625