1 0.0828125 0.90078125 0.1125 0.1984375
1 0.1640625 0.90078125 0.09375 0.1984375
1 0.24921875 0.90078125 0.0984375 0.1984375
1 0.33515625 0.90078125 0.0953125 0.1984375
1 0.4203125 0.9 0.09375 0.2
1 0.509375 0.89609375 0.090625 0.2078125
1 0.5921875 0.89296875 0.0890625 0.2140625
1 0.67578125 0.88984375 0.096875 0.21875
1 0.74921875 0.89296875 0.1140625 0.2140625
1 0.8265625 0.89296875 0.1296875 0.2140625
1 0.13359375 0.70625 0.1078125 0.2296875
1 0.2078125 0.71015625 0.1 0.2296875
1 0.27734375 0.70546875 0.0828125 0.2453125
1 0.3484375 0.70703125 0.0765625 0.2359375
1 0.42265625 0.69296875 0.075 0.24375
1 0.4890625 0.7 0.0734375 0.24375
1 0.56015625 0.70078125 0.075 0.2390625
1 0.6265625 0.68671875 0.08125 0.240625
1 0.69921875 0.6796875 0.090625 0.2453125
1 0.765625 0.675 0.0921875 0.246875
1 0.159375 0.478125 0.09375 0.2578125
1 0.221875 0.49375 0.0828125 0.2640625
1 0.2875 0.48359375 0.078125 0.2640625
1 0.3515625 0.4796875 0.0703125 0.2578125
1 0.4140625 0.4796875 0.0671875 0.2640625
1 0.4796875 0.4796875 0.0625 0.2578125
1 0.54140625 0.478125 0.0671875 0.2671875
1 0.6046875 0.47265625 0.0734375 0.26875
1 0.665625 0.46328125 0.08125 0.265625
1 0.72890625 0.45 0.084375 0.2609375
1 0.1734375 0.3140625 0.0765625 0.2640625
1 0.23515625 0.3078125 0.0671875 0.26875
1 0.29140625 0.31015625 0.06875 0.2640625
1 0.3546875 0.2953125 0.0625 0.2578125
1 0.415625 0.290625 0.0625 0.2515625
1 0.47265625 0.290625 0.0578125 0.253125
1 0.53125 0.296875 0.0625 0.2703125
1 0.59140625 0.29765625 0.0515625 0.271875
1 0.64921875 0.29453125 0.0625 0.271875
1 0.7078125 0.28984375 0.0703125 0.271875
1 0.69375 0.14453125 0.053125 0.2640625
1 0.1875 0.17109375 0.05625 0.2625
1 0.2453125 0.1609375 0.0546875 0.2640625
1 0.303125 0.159375 0.053125 0.2625
1 0.3578125 0.15859375 0.0625 0.2578125
1 0.41640625 0.1390625 0.0578125 0.2515625
1 0.4703125 0.146875 0.05625 0.25625
1 0.525 0.14453125 0.0609375 0.2625
1 0.6359375 0.1453125 0.05 0.2625
1 0.58046875 0.15 0.0515625 0.2625