3 0.165625 0.24609375 0.24296875 0.3390625
3 0.48828125 0.24140625 0.2359375 0.2953125
3 0.171875 0.50390625 0.0984375 0.134375
3 0.32421875 0.5109375 0.09140625 0.12734375
3 0.44921875 0.4984375 0.0984375 0.14453125
3 0.6671875 0.275 0.10078125 0.13203125
3 0.86875 0.19921875 0.23828125 0.3296875
3 0.64453125 0.6984375 0.37734375 0.4953125
3 0.88828125 0.56640625 0.10546875 0.13671875
3 0.33203125 0.75 0.11328125 0.1390625
3 0.14453125 0.7390625 0.1921875 0.271875
3 0.9109375 0.80859375 0.11796875 0.1515625