4 0.3609375 0.090625 0.0515625 0.0625
4 0.4984375 0.05859375 0.04375 0.05625
4 0.44453125 0.08515625 0.0609375 0.0484375
4 0.134375 0.75078125 0.075 0.1046875
4 0.04375 0.51484375 0.0546875 0.071875
4 0.0984375 0.57734375 0.115625 0.1453125
4 0.109375 0.3078125 0.0640625 0.0828125
4 0.16015625 0.49375 0.0828125 0.1046875
4 0.13984375 0.4265625 0.0484375 0.065625
4 0.14453125 0.34921875 0.0484375 0.0640625
4 0.1640625 0.290625 0.053125 0.0703125
4 0.2203125 0.34453125 0.0578125 0.078125
4 0.23671875 0.29921875 0.0515625 0.053125
4 0.16953125 0.3734375 0.05625 0.0640625
4 0.19453125 0.41796875 0.05625 0.071875
4 0.2328125 0.40234375 0.05625 0.0609375
4 0.2265625 0.4546875 0.053125 0.0546875
4 0.21484375 0.51328125 0.046875 0.065625
4 0.18203125 0.58203125 0.0546875 0.071875
4 0.19609375 0.640625 0.059375 0.0765625
4 0.23671875 0.68125 0.075 0.0859375
4 0.196875 0.74375 0.0578125 0.08125
4 0.2546875 0.7546875 0.0625 0.0890625
4 0.27109375 0.6078125 0.0734375 0.1015625
4 0.3203125 0.64375 0.0515625 0.0703125
4 0.32734375 0.70859375 0.078125 0.10625
4 0.44140625 0.77890625 0.071875 0.090625
4 0.38515625 0.740625 0.059375 0.075
4 0.33515625 0.86953125 0.0796875 0.1078125
4 0.4125 0.85859375 0.0828125 0.1078125
4 0.48125 0.8671875 0.0625 0.084375
4 0.53828125 0.81171875 0.0640625 0.0828125
4 0.6015625 0.80390625 0.065625 0.0859375
4 0.675 0.78203125 0.0546875 0.084375
4 0.63828125 0.76171875 0.059375 0.0828125
4 0.5078125 0.7359375 0.046875 0.09375
4 0.55546875 0.740625 0.0515625 0.075
4 0.828125 0.72734375 0.0796875 0.096875
4 0.90234375 0.72109375 0.0609375 0.0875
4 0.8640625 0.5828125 0.0703125 0.09375
4 0.91171875 0.559375 0.0484375 0.075
4 0.79921875 0.6296875 0.0546875 0.0625
4 0.84453125 0.66796875 0.0640625 0.06875
4 0.771875 0.67890625 0.0671875 0.1015625
4 0.7140625 0.6734375 0.0515625 0.0828125
4 0.646875 0.70703125 0.0578125 0.071875
4 0.4125 0.69140625 0.0609375 0.084375
4 0.465625 0.6984375 0.0671875 0.0890625
4 0.4640625 0.61640625 0.075 0.096875
4 0.45703125 0.59296875 0.0671875 0.0890625
4 0.6578125 0.628125 0.0765625 0.096875
4 0.59609375 0.69296875 0.046875 0.075
4 0.6140625 0.60234375 0.0828125 0.115625
4 0.7671875 0.58046875 0.0671875 0.0875
4 0.84453125 0.471875 0.0453125 0.075
4 0.8375 0.51796875 0.0484375 0.0546875
4 0.7953125 0.5328125 0.0734375 0.0859375
4 0.7140625 0.58046875 0.0390625 0.078125
4 0.3734375 0.634375 0.053125 0.075
4 0.3203125 0.54453125 0.0546875 0.071875
4 0.40078125 0.5703125 0.05625 0.0765625
4 0.49609375 0.55 0.0578125 0.0625
4 0.525 0.6125 0.053125 0.0703125
4 0.54140625 0.68203125 0.0640625 0.0640625
4 0.56875 0.64375 0.05625 0.0515625
4 0.234375 0.58515625 0.0390625 0.05
4 0.24375 0.5359375 0.059375 0.0546875
4 0.2546875 0.48984375 0.0390625 0.0609375
4 0.3 0.5203125 0.0546875 0.0625
4 0.32734375 0.465625 0.05 0.0765625
4 0.378125 0.484375 0.0578125 0.05
4 0.353125 0.590625 0.0390625 0.0546875
4 0.37265625 0.53359375 0.0609375 0.065625
4 0.42265625 0.5265625 0.04375 0.05
4 0.43125 0.465625 0.053125 0.0796875
4 0.47421875 0.4734375 0.05625 0.0875
4 0.515625 0.5078125 0.0734375 0.0828125
4 0.546875 0.584375 0.0515625 0.0546875
4 0.55390625 0.5421875 0.046875 0.0515625
4 0.58359375 0.51640625 0.0640625 0.0734375
4 0.275 0.42578125 0.0546875 0.0703125
4 0.321875 0.3796875 0.053125 0.0703125
4 0.35859375 0.41171875 0.05 0.0625
4 0.440625 0.40234375 0.0546875 0.06875
4 0.49453125 0.43203125 0.0484375 0.0578125
4 0.54140625 0.45625 0.046875 0.0546875
4 0.534375 0.4046875 0.046875 0.05625
4 0.26875 0.35546875 0.05 0.059375
4 0.278125 0.3171875 0.046875 0.046875
4 0.31015625 0.2921875 0.053125 0.0578125
4 0.3609375 0.31875 0.053125 0.0484375
4 0.39921875 0.39375 0.0375 0.0640625
4 0.37109375 0.36796875 0.040625 0.0546875
4 0.68125 0.5703125 0.0328125 0.0640625
4 0.63984375 0.5421875 0.0453125 0.05
4 0.70546875 0.52109375 0.071875 0.0703125
4 0.740625 0.49296875 0.046875 0.0671875
4 0.7890625 0.47421875 0.0625 0.065625
4 0.75546875 0.4296875 0.05 0.0578125
4 0.7140625 0.44609375 0.0515625 0.05
4 0.65234375 0.44453125 0.0625 0.071875
4 0.66875 0.4 0.0734375 0.0765625
4 0.70859375 0.3796875 0.0625 0.084375
4 0.765625 0.375 0.0578125 0.0640625
4 0.784375 0.3078125 0.05 0.0625
4 0.7265625 0.3296875 0.05625 0.0734375
4 0.73359375 0.27734375 0.0515625 0.0609375
4 0.7515625 0.240625 0.046875 0.0609375
4 0.74140625 0.15 0.0609375 0.071875
4 0.48984375 0.33671875 0.065625 0.08125
4 0.41484375 0.3234375 0.0640625 0.0703125
4 0.13125 0.23125 0.0484375 0.0625
4 0.1765625 0.2359375 0.0484375 0.053125
4 0.23359375 0.1734375 0.0640625 0.06875
4 0.23125 0.21875 0.0609375 0.0671875
4 0.2203125 0.253125 0.071875 0.078125
4 0.30625 0.2328125 0.046875 0.0640625
4 0.33515625 0.2515625 0.04375 0.0671875
4 0.5890625 0.41953125 0.0625 0.05625
4 0.59296875 0.453125 0.0640625 0.05625
4 0.6140625 0.48984375 0.0671875 0.0578125
4 0.58671875 0.37265625 0.0640625 0.053125
4 0.55234375 0.35234375 0.028125 0.065625
4 0.59375 0.3140625 0.0671875 0.075
4 0.33828125 0.19296875 0.053125 0.05625
4 0.3765625 0.22421875 0.0484375 0.04375
4 0.38359375 0.17578125 0.05 0.0578125
4 0.40078125 0.13203125 0.0359375 0.04375
4 0.4328125 0.13203125 0.0375 0.0546875
4 0.47421875 0.13359375 0.053125 0.065625
4 0.56328125 0.1375 0.0515625 0.0515625
4 0.51640625 0.1515625 0.04375 0.0453125
4 0.4546875 0.1734375 0.04375 0.0515625
4 0.41796875 0.2015625 0.0484375 0.0578125
4 0.3765625 0.26953125 0.0578125 0.0578125
4 0.4375 0.25703125 0.065625 0.0734375
4 0.49140625 0.2515625 0.0546875 0.05625
4 0.6703125 0.10546875 0.0453125 0.065625
4 0.64296875 0.11640625 0.03125 0.05
4 0.6109375 0.13203125 0.0359375 0.04375
4 0.590625 0.175 0.046875 0.0609375
4 0.5390625 0.1859375 0.05625 0.0609375
4 0.48359375 0.18984375 0.0546875 0.05625
4 0.521875 0.29453125 0.0640625 0.078125
4 0.4796875 0.38046875 0.0625 0.0625
4 0.6453125 0.17421875 0.0546875 0.071875
4 0.68515625 0.20234375 0.0484375 0.0609375
4 0.7015625 0.2375 0.05 0.046875
4 0.615625 0.21171875 0.05625 0.0796875
4 0.55703125 0.225 0.06875 0.0640625
4 0.546875 0.2671875 0.0578125 0.0671875
4 0.63984375 0.24609375 0.0625 0.0625
4 0.65625 0.2765625 0.0515625 0.065625
4 0.65078125 0.325 0.05625 0.0796875