1 0.484375 0.30625 0.0890625 0.5625
1 0.6 0.321875 0.15390625 0.54296875
1 0.390625 0.33046875 0.1703125 0.5453125
1 0.68125 0.38359375 0.25234375 0.509375
4 0.85078125 0.30625 0.09375 0.14921875
4 0.93515625 0.384375 0.0796875 0.125
4 0.8578125 0.5515625 0.084375 0.12265625
4 0.7828125 0.6984375 0.08203125 0.11796875
4 0.709375 0.6078125 0.09375 0.1421875
4 0.5046875 0.8296875 0.0796875 0.10546875
4 0.3640625 0.7234375 0.09140625 0.1296875
4 0.209375 0.69609375 0.0796875 0.115625
4 0.12734375 0.54921875 0.0796875 0.12265625
4 0.2125 0.4625 0.09375 0.1421875
4 0.1359375 0.2984375 0.0984375 0.1421875
4 0.04921875 0.39453125 0.0796875 0.12265625
4 0.28359375 0.60234375 0.09375 0.1390625
4 0.64296875 0.7125 0.0984375 0.12734375
4 0.7765625 0.46015625 0.09140625 0.14453125