5 0.1265625 0.63125 0.103125 0.18984375
5 0.1765625 0.5484375 0.10078125 0.17578125
5 0.265625 0.384375 0.10078125 0.3609375
5 0.37265625 0.29921875 0.0796875 0.4234375
5 0.4640625 0.26953125 0.0796875 0.39453125
5 0.39296875 0.515625 0.2859375 0.17578125
5 0.38125 0.5640625 0.25703125 0.19921875
5 0.5765625 0.4734375 0.2015625 0.1828125
5 0.45078125 0.584375 0.06484375 0.071875
5 0.68515625 0.49375 0.13203125 0.1390625
5 0.7921875 0.5328125 0.10078125 0.1296875
5 0.74375 0.71640625 0.115625 0.125
5 0.81015625 0.78125 0.084375 0.134375
5 0.71015625 0.6390625 0.0984375 0.1421875
5 0.2484375 0.9390625 0.05546875 0.06484375
5 0.19140625 0.89765625 0.05078125 0.0453125
5 0.15 0.875 0.053125 0.0484375
5 0.146875 0.83671875 0.084375 0.07421875
5 0.13671875 0.80625 0.0625 0.05546875
5 0.1046875 0.7640625 0.06484375 0.0453125
5 0.2640625 0.69375 0.16328125 0.1421875
5 0.23671875 0.79453125 0.11328125 0.1296875
5 0.29453125 0.834375 0.115625 0.1203125
5 0.3578125 0.7359375 0.0484375 0.07421875
5 0.5484375 0.59140625 0.0984375 0.11328125