1 0.23046875 0.80390625 0.09375 0.34609375
1 0.32421875 0.8015625 0.09375 0.3171875
1 0.5375 0.2125 0.04296875 0.22578125
1 0.58671875 0.20703125 0.04296875 0.23046875
1 0.5296875 0.4703125 0.071875 0.34140625
1 0.49296875 0.51953125 0.05546875 0.259375
1 0.43359375 0.51953125 0.0625 0.26171875
1 0.38125 0.5578125 0.0453125 0.165625
1 0.32421875 0.52890625 0.0796875 0.18515625
1 0.63671875 0.56640625 0.0984375 0.18984375
1 0.69453125 0.77734375 0.0796875 0.28828125
1 0.5421875 0.8578125 0.071875 0.18984375
1 0.41796875 0.865625 0.0984375 0.1703125
1 0.8375 0.76171875 0.0671875 0.3890625
1 0.93515625 0.75859375 0.09375 0.41796875
4 0.88203125 0.475 0.06953125 0.09140625
4 0.9546875 0.46640625 0.08203125 0.125
4 0.6703125 0.2609375 0.0625 0.09140625
4 0.8734375 0.3578125 0.06484375 0.09375
4 0.95078125 0.3453125 0.0890625 0.11796875