4 0.33984375 0.69609375 0.109375 0.1640625
4 0.075 0.52109375 0.15 0.309375
4 0.55234375 0.8125 0.078125 0.11875
4 0.68671875 0.7546875 0.1203125 0.18125
4 0.72109375 0.3328125 0.0921875 0.128125
4 0.96953125 0.5375 0.0609375 0.184375
4 0.296875 0.1671875 0.18125 0.259375
4 0.6796875 0.48046875 0.090625 0.0921875
1 0.234375 0.740625 0.1390625 0.20625
1 0.475 0.6390625 0.153125 0.20625
1 0.5453125 0.5828125 0.18125 0.396875
1 0.78828125 0.73359375 0.1484375 0.246875
1 0.88984375 0.65 0.1125 0.2640625
1 0.765625 0.15234375 0.1046875 0.2609375
1 0.13515625 0.1671875 0.121875 0.25625
1 0.06328125 0.2953125 0.1234375 0.2
1 0.3109375 0.509375 0.24375 0.2890625
4 0.62578125 0.41796875 0.0921875 0.1375
1 0.50859375 0.33359375 0.1765625 0.25625
1 0.77421875 0.5203125 0.1859375 0.3234375
1 0.86484375 0.28515625 0.1953125 0.1953125
1 0.65390625 0.15 0.121875 0.3