0 0.2953125 0.6453125 0.10078125 0.14453125
0 0.1203125 0.5265625 0.0984375 0.12734375
0 0.209375 0.4984375 0.0984375 0.146875
0 0.30390625 0.5046875 0.10546875 0.12734375
0 0.4 0.5046875 0.09375 0.1203125
0 0.4 0.625 0.0984375 0.13671875
0 0.55078125 0.52890625 0.10078125 0.13203125
0 0.57109375 0.66015625 0.0984375 0.13203125
0 0.66953125 0.59375 0.09609375 0.13203125
0 0.73828125 0.48046875 0.09609375 0.10546875
0 0.85234375 0.61171875 0.103125 0.14453125
0 0.82578125 0.78125 0.1109375 0.15625
0 0.90390625 0.5328125 0.09375 0.12734375
0 0.82109375 0.47734375 0.084375 0.12734375
0 0.88671875 0.42421875 0.0796875 0.11796875