3 0.76796875 0.96015625 0.121875 0.0796875
3 0.825 0.9 0.1140625 0.134375
3 0.6984375 0.75859375 0.096875 0.15
3 0.9875 0.596875 0.025 0.1125
3 0.59765625 0.98359375 0.075 0.0328125
3 0.4578125 0.96875 0.0359375 0.0625
3 0.50859375 0.98984375 0.0921875 0.0203125
3 0.27109375 0.946875 0.0828125 0.10625
3 0.403125 0.64375 0.146875 0.20625
3 0.3921875 0.803125 0.1625 0.146875
3 0.54765625 0.67734375 0.0828125 0.1640625
3 0.24140625 0.7046875 0.1953125 0.1890625
3 0.078125 0.5421875 0.15625 0.334375
3 0.1625 0.55078125 0.09375 0.140625
3 0.2515625 0.49375 0.0703125 0.0859375
3 0.44375 0.5015625 0.1140625 0.1546875
3 0.475 0.41640625 0.11875 0.175
3 0.5515625 0.50546875 0.0828125 0.121875
3 0.5546875 0.42109375 0.05625 0.04375
3 0.2671875 0.46953125 0.1828125 0.278125
3 0.4015625 0.334375 0.065625 0.059375
3 0.0234375 0.32578125 0.046875 0.06875
3 0.67578125 0.0578125 0.125 0.115625
3 0.98828125 0.27578125 0.0234375 0.1328125
3 0.928125 0.55390625 0.1125 0.1859375
3 0.9734375 0.4703125 0.053125 0.146875
3 0.73046875 0.51953125 0.153125 0.1421875
3 0.68125 0.3328125 0.071875 0.0890625
3 0.76328125 0.38046875 0.096875 0.1359375
3 0.784375 0.2640625 0.1765625 0.1