4 0.18203125 0.71015625 0.2 0.184375
4 0.16796875 0.52890625 0.1796875 0.1890625
4 0.1953125 0.3484375 0.1828125 0.1859375
4 0.2984375 0.2078125 0.178125 0.19375
4 0.46171875 0.16796875 0.178125 0.2
4 0.64140625 0.18046875 0.1796875 0.1984375
4 0.78984375 0.27578125 0.2 0.1921875
4 0.54140625 0.35390625 0.1875 0.1875
4 0.36953125 0.38828125 0.190625 0.1859375
4 0.68828125 0.434375 0.203125 0.1890625
4 0.3390625 0.56328125 0.1921875 0.190625
4 0.35 0.81953125 0.1890625 0.1953125
4 0.478125 0.68359375 0.190625 0.1875
4 0.88359375 0.4484375 0.1953125 0.1984375
4 0.64140625 0.6046875 0.19375 0.18125
4 0.8390625 0.63046875 0.209375 0.2
4 0.71640625 0.78125 0.2046875 0.1953125
4 0.55546875 0.86171875 0.203125 0.203125