3 0.14453125 0.0546875 0.0390625 0.0453125
3 0.4140625 0.0578125 0.0484375 0.0671875
3 0.16796875 0.1171875 0.06875 0.0875
3 0.3640625 0.10625 0.0796875 0.1078125
3 0.29921875 0.1375 0.0515625 0.0765625
3 0.23046875 0.153125 0.078125 0.1078125
3 0.14921875 0.1875 0.046875 0.06875
3 0.184375 0.21015625 0.0453125 0.0625
3 0.12578125 0.29296875 0.1265625 0.1734375
3 0.1734375 0.384375 0.0609375 0.0890625
3 0.1515625 0.44609375 0.0375 0.053125
3 0.3578125 0.1890625 0.0859375 0.1078125
3 0.48828125 0.29375 0.0515625 0.0703125
3 0.409375 0.29765625 0.134375 0.190625
3 0.26640625 0.30546875 0.1921875 0.284375
3 0.21796875 0.475 0.1140625 0.159375
3 0.3234375 0.45 0.0984375 0.13125
3 0.284375 0.5125 0.065625 0.0875
3 0.51796875 0.49453125 0.0515625 0.0671875
3 0.36953125 0.53671875 0.071875 0.103125
3 0.17265625 0.6203125 0.134375 0.1890625
3 0.10234375 0.75078125 0.1 0.1421875
3 0.26484375 0.85703125 0.0703125 0.0921875
3 0.2765625 0.6921875 0.09375 0.1359375
3 0.3921875 0.83671875 0.0390625 0.0578125
3 0.353125 0.72265625 0.0609375 0.08125
3 0.48671875 0.8421875 0.075 0.103125
3 0.428125 0.7515625 0.1015625 0.140625
3 0.49765625 0.61875 0.1296875 0.1765625
3 0.9328125 0.5828125 0.0609375 0.078125
3 0.88203125 0.628125 0.1296875 0.1796875
3 0.7140625 0.5421875 0.0859375 0.1203125
3 0.60234375 0.6921875 0.1015625 0.1453125
3 0.75859375 0.68046875 0.1359375 0.1796875
3 0.77578125 0.8109375 0.1109375 0.1484375
3 0.91953125 0.8265625 0.0546875 0.0671875