0 0.10390625 0.57109375 0.071875 0.1171875
0 0.1109375 0.6515625 0.1359375 0.1484375
0 0.25546875 0.67890625 0.0953125 0.146875
0 0.3109375 0.76953125 0.0859375 0.096875
0 0.47890625 0.71171875 0.1015625 0.1109375
0 0.628125 0.7828125 0.115625 0.11875
0 0.86953125 0.75 0.1046875 0.1109375
0 0.26171875 0.4484375 0.1609375 0.2578125
0 0.35625 0.56484375 0.1359375 0.2015625
0 0.4390625 0.49609375 0.15625 0.146875
0 0.43671875 0.3484375 0.165625 0.25
0 0.58984375 0.60078125 0.125 0.1296875
0 0.590625 0.48671875 0.121875 0.2046875
0 0.653125 0.4125 0.15625 0.2578125
0 0.77578125 0.540625 0.1625 0.2703125