3 0.26328125 0.853125 0.1953125 0.21875
3 0.2109375 0.565625 0.421875 0.3359375
3 0.1015625 0.18359375 0.0875 0.1046875
3 0.309375 0.26484375 0.3078125 0.2921875
3 0.503125 0.11015625 0.1640625 0.2203125
3 0.53828125 0.39453125 0.1203125 0.15
3 0.73125 0.53984375 0.1640625 0.171875
3 0.89921875 0.61953125 0.175 0.178125
3 0.56640625 0.69375 0.1671875 0.15
3 0.70625 0.86875 0.1828125 0.1703125
3 0.8 0.17578125 0.3984375 0.209375
3 0.64296875 0.2703125 0.078125 0.0625
3 0.6390625 0.35078125 0.096875 0.109375