0 0.84453125 0.20703125 0.1890625 0.2484375
0 0.8828125 0.36640625 0.1671875 0.2046875
0 0.86875 0.46484375 0.2078125 0.271875
0 0.7953125 0.6203125 0.215625 0.284375
0 0.72890625 0.30078125 0.1265625 0.296875
0 0.6265625 0.15703125 0.190625 0.225
0 0.58046875 0.28515625 0.2046875 0.21875
0 0.62109375 0.43046875 0.2140625 0.2296875
0 0.48203125 0.1765625 0.1453125 0.2390625
0 0.25 0.2359375 0.2015625 0.259375
0 0.35546875 0.3109375 0.1640625 0.215625
0 0.196875 0.39453125 0.175 0.2578125
0 0.37734375 0.421875 0.215625 0.271875
0 0.26953125 0.609375 0.1671875 0.2296875
0 0.11796875 0.66953125 0.2171875 0.29375
0 0.53125 0.63359375 0.321875 0.45625