3 0.92890625 0.571875 0.1421875 0.11875
3 0.3125 0.42265625 0.096875 0.034375
3 0.43984375 0.4515625 0.1078125 0.0390625
3 0.29375 0.46640625 0.0640625 0.0203125
3 0.1625 0.62421875 0.08125 0.0515625
3 0.28515625 0.615625 0.1 0.05625
3 0.22578125 0.5796875 0.071875 0.065625
3 0.32734375 0.57421875 0.0890625 0.053125
3 0.46171875 0.63671875 0.0796875 0.053125
3 0.68984375 0.6390625 0.065625 0.078125
3 0.5171875 0.7484375 0.0859375 0.0609375
3 0.39921875 0.74609375 0.0890625 0.0546875
3 0.30078125 0.74453125 0.0875 0.05625
3 0.28125 0.7875 0.06875 0.0359375
3 0.49609375 0.55390625 0.1078125 0.0625
3 0.5265625 0.6109375 0.0984375 0.0515625
3 0.56796875 0.56015625 0.0828125 0.0671875
3 0.29453125 0.53359375 0.078125 0.0453125
3 0.22578125 0.53359375 0.071875 0.0359375
3 0.15625 0.55859375 0.059375 0.0578125
3 0.36875 0.63046875 0.090625 0.05625
3 0.35625 0.67734375 0.1015625 0.0625
3 0.09375 0.71953125 0.0484375 0.0484375