1 0.2 0.8125 0.31875 0.375
4 0.08046875 0.35859375 0.1609375 0.2375
4 0.18984375 0.2765625 0.1390625 0.19375
4 0.26171875 0.6515625 0.1890625 0.1921875
4 0.51015625 0.73046875 0.20625 0.3234375
4 0.74453125 0.3375 0.153125 0.190625
4 0.540625 0.6765625 0.1875 0.26875
4 0.65546875 0.85390625 0.159375 0.2640625
4 0.43125 0.34296875 0.2796875 0.353125
1 0.78046875 0.725 0.4390625 0.4703125
1 0.80703125 0.5359375 0.36875 0.45625
1 0.76015625 0.190625 0.390625 0.3765625
1 0.96015625 0.2046875 0.0796875 0.2734375
1 0.11328125 0.5109375 0.2265625 0.171875