4 0.06015625 0.46640625 0.1203125 0.115625
4 0.14765625 0.309375 0.121875 0.109375
4 0.26328125 0.21015625 0.1109375 0.10625
4 0.43125 0.15390625 0.1109375 0.109375
4 0.5453125 0.15234375 0.11875 0.103125
4 0.15390625 0.40859375 0.1109375 0.115625
4 0.22734375 0.3796875 0.1015625 0.1015625
4 0.2515625 0.29609375 0.1125 0.109375
4 0.534375 0.2359375 0.115625 0.10625
4 0.3671875 0.2328125 0.1125 0.1046875
4 0.27578125 0.68046875 0.115625 0.1296875
4 0.41640625 0.71328125 0.1265625 0.134375
4 0.5390625 0.69453125 0.125 0.1328125
4 0.65078125 0.725 0.1328125 0.1265625
4 0.77109375 0.78046875 0.1359375 0.128125
4 0.89296875 0.7421875 0.1296875 0.13125
4 0.740625 0.65859375 0.11875 0.128125
4 0.77578125 0.6234375 0.115625 0.121875
4 0.88515625 0.5828125 0.1265625 0.1296875
4 0.79921875 0.47421875 0.1203125 0.115625
4 0.76484375 0.3140625 0.1171875 0.10625
4 0.44375 0.2828125 0.109375 0.1125
4 0.46953125 0.2890625 0.109375 0.103125
4 0.6234375 0.2765625 0.1171875 0.1046875
4 0.6390625 0.3515625 0.1171875 0.1046875
4 0.521875 0.36015625 0.1171875 0.1109375
4 0.1703125 0.578125 0.125 0.1125
4 0.14375 0.5078125 0.11875 0.0984375
4 0.621875 0.58671875 0.125 0.1140625
4 0.56484375 0.5421875 0.1171875 0.09375
4 0.69453125 0.45703125 0.1046875 0.1109375
4 0.36484375 0.609375 0.1171875 0.1265625
4 0.45703125 0.58125 0.11875 0.1328125
4 0.4609375 0.56640625 0.078125 0.0984375
4 0.3453125 0.33203125 0.1171875 0.10625
4 0.6203125 0.3875 0.0984375 0.0890625
4 0.58828125 0.46484375 0.121875 0.0640625
4 0.484375 0.43984375 0.1078125 0.1140625
4 0.31171875 0.4203125 0.109375 0.0984375
4 0.41328125 0.39609375 0.115625 0.103125
4 0.38203125 0.4890625 0.1046875 0.10625
4 0.2671875 0.44765625 0.11875 0.1140625