1 0.140625 0.3734375 0.05 0.0328125
1 0.0578125 0.23203125 0.0234375 0.0296875
1 0.14453125 0.62109375 0.0484375 0.0390625
3 0.21484375 0.68828125 0.1359375 0.028125
3 0.20625 0.78828125 0.2828125 0.1875
3 0.4375 0.775 0.2234375 0.1515625
3 0.5875 0.72265625 0.1828125 0.11875
3 0.7671875 0.7765625 0.2390625 0.1546875
4 0.8015625 0.51015625 0.04375 0.040625
3 0.75390625 0.50546875 0.0953125 0.1109375
3 0.21328125 0.309375 0.1375 0.0421875
3 0.21484375 0.45234375 0.1421875 0.0328125
3 0.26015625 0.49609375 0.05625 0.084375
3 0.76640625 0.18984375 0.246875 0.1625
3 0.225 0.21171875 0.284375 0.20625
3 0.415625 0.2078125 0.2265625 0.15625
3 0.58046875 0.13828125 0.1875 0.128125