1 0.1078125 0.35078125 0.084375 0.3609375
1 0.41171875 0.225 0.19375 0.33125
1 0.27109375 0.3484375 0.2640625 0.2390625
1 0.7390625 0.115625 0.3046875 0.1578125
1 0.76875 0.2125 0.3015625 0.15625
1 0.225 0.47890625 0.26875 0.2625
1 0.484375 0.453125 0.30625 0.096875
1 0.64921875 0.39296875 0.24375 0.2671875
1 0.7875 0.39921875 0.1765625 0.3140625
1 0.2953125 0.56953125 0.3046875 0.1515625
1 0.440625 0.6015625 0.2921875 0.2234375
1 0.8 0.54609375 0.26875 0.1875
1 0.5765625 0.60859375 0.275 0.221875
1 0.58046875 0.73515625 0.10625 0.2640625
1 0.771875 0.65 0.259375 0.25
1 0.39375 0.765625 0.3125 0.11875
1 0.35546875 0.82578125 0.3109375 0.1421875
1 0.32890625 0.91875 0.315625 0.1046875