4 0.23046875 0.83671875 0.3265625 0.3265625
4 0.0671875 0.5421875 0.134375 0.28125
4 0.0484375 0.08515625 0.096875 0.1703125
4 0.203125 0.521875 0.2890625 0.20625
4 0.03515625 0.240625 0.0703125 0.1640625
4 0.04296875 0.83125 0.0859375 0.1625
4 0.2421875 0.734375 0.3078125 0.31875
4 0.17890625 0.28125 0.2921875 0.315625
4 0.2578125 0.05703125 0.1625 0.1140625
4 0.3625 0.215625 0.2875 0.403125
4 0.58984375 0.0828125 0.315625 0.165625
4 0.56171875 0.590625 0.2203125 0.240625
4 0.45546875 0.884375 0.184375 0.23125
4 0.61875 0.340625 0.24375 0.28125
4 0.46953125 0.5859375 0.3453125 0.375
4 0.90390625 0.1203125 0.1921875 0.240625
4 0.6109375 0.85234375 0.23125 0.2953125
4 0.815625 0.49453125 0.296875 0.184375
4 0.93046875 0.38359375 0.1390625 0.3015625
4 0.828125 0.76796875 0.34375 0.3703125
4 0.71484375 0.26875 0.3296875 0.3890625
4 0.93046875 0.9265625 0.134375 0.146875