4 0.07109375 0.32421875 0.12734375 0.12734375
4 0.22734375 0.33046875 0.13671875 0.14453125
4 0.38671875 0.32421875 0.13671875 0.14453125
4 0.5890625 0.321875 0.17578125 0.14921875
4 0.81953125 0.31484375 0.2046875 0.19453125
4 0.12890625 0.56875 0.1109375 0.11328125
4 0.2671875 0.56953125 0.1109375 0.12734375
4 0.41484375 0.56484375 0.115625 0.11796875
4 0.5890625 0.5625 0.1390625 0.1390625
4 0.83046875 0.5515625 0.21640625 0.2015625
4 0.12265625 0.7640625 0.115625 0.1078125
4 0.25859375 0.7640625 0.11328125 0.1109375
4 0.4078125 0.7640625 0.11796875 0.11328125
4 0.58046875 0.76171875 0.1421875 0.13671875
4 0.84375 0.77265625 0.2015625 0.196875