4 0.1203125 0.5921875 0.14453125 0.23046875
4 0.5453125 0.3890625 0.21171875 0.21875
4 0.19375 0.5203125 0.17578125 0.17578125
4 0.3609375 0.4578125 0.17578125 0.1515625
4 0.76953125 0.4625 0.1515625 0.16328125
4 0.85703125 0.60078125 0.22109375 0.22109375
4 0.7390625 0.7609375 0.21171875 0.19921875
4 0.475 0.7515625 0.18046875 0.1875
4 0.2296875 0.74296875 0.2015625 0.2046875
4 0.359375 0.6671875 0.19921875 0.18984375
4 0.59765625 0.6421875 0.2015625 0.18984375
4 0.61640625 0.50859375 0.16796875 0.103125
4 0.4125 0.5421875 0.209375 0.19921875