4 0.2921875 0.30078125 0.19453125 0.228125
4 0.42890625 0.2171875 0.16796875 0.16328125
4 0.571875 0.1703125 0.1390625 0.1734375
4 0.5625 0.27890625 0.1609375 0.146875
4 0.71640625 0.33671875 0.1703125 0.165625
4 0.44453125 0.38203125 0.19453125 0.2015625
4 0.29453125 0.571875 0.2328125 0.303125
4 0.49375 0.61640625 0.21875 0.3125
4 0.6109375 0.45546875 0.19921875 0.22109375
4 0.78984375 0.5453125 0.19921875 0.28359375
4 0.68984375 0.7015625 0.2328125 0.33671875
4 0.36796875 0.8234375 0.2671875 0.3484375