3 0.1796875 0.05703125 0.2734375 0.1140625
3 0.115625 0.1234375 0.23125 0.246875
3 0.271875 0.340625 0.409375 0.4421875
3 0.609375 0.196875 0.6953125 0.3921875
3 0.653125 0.34921875 0.1859375 0.2078125
3 0.62109375 0.13046875 0.440625 0.2609375
3 0.9625 0.02734375 0.075 0.0546875
3 0.9828125 0.11484375 0.034375 0.1484375
3 0.9609375 0.44765625 0.078125 0.2796875
1 0.575 0.04296875 0.0421875 0.0484375
4 0.58515625 0.54140625 0.028125 0.0359375
4 0.39609375 0.7015625 0.03125 0.034375
4 0.246875 0.3609375 0.03125 0.034375
4 0.765625 0.60390625 0.0359375 0.0359375
4 0.07109375 0.09453125 0.0328125 0.0359375
3 0.45234375 0.58828125 0.4296875 0.459375