0 0.22421875 0.5609375 0.08125 0.1078125
0 0.253125 0.6578125 0.0859375 0.0890625
0 0.33203125 0.50390625 0.1296875 0.1953125
0 0.478125 0.43046875 0.1265625 0.1828125
0 0.47265625 0.546875 0.1375 0.1375
0 0.384375 0.6390625 0.0796875 0.090625
0 0.34765625 0.67578125 0.0796875 0.1109375
0 0.46328125 0.67890625 0.084375 0.09375
0 0.53671875 0.759375 0.0921875 0.1015625
0 0.58203125 0.6140625 0.134375 0.15625
0 0.63515625 0.66953125 0.0921875 0.11875
0 0.67265625 0.4625 0.0828125 0.0890625
0 0.75546875 0.5484375 0.0921875 0.115625
0 0.7484375 0.6203125 0.0859375 0.090625
0 0.6640625 0.51171875 0.0875 0.053125
0 0.67109375 0.58515625 0.0578125 0.040625