4 0.0515625 0.19296875 0.103125 0.1671875
4 0.1421875 0.47421875 0.1453125 0.2140625
4 0.38203125 0.34765625 0.134375 0.209375
4 0.0921875 0.77578125 0.1453125 0.225
4 0.378125 0.72421875 0.1484375 0.20625
4 0.46953125 0.86796875 0.15 0.2140625
4 0.34453125 0.53671875 0.078125 0.2171875
4 0.571875 0.54140625 0.1375 0.215625
4 0.78984375 0.50234375 0.14375 0.20625
4 0.921875 0.375 0.1328125 0.20625
4 0.93359375 0.12578125 0.1328125 0.1984375
4 0.81640625 0.03671875 0.1203125 0.0734375
1 0.25546875 0.87109375 0.1546875 0.2578125
1 0.69375 0.74140625 0.315625 0.25625
1 0.83984375 0.8046875 0.15 0.378125
1 0.7109375 0.29609375 0.2421875 0.34375
4 0.6359375 0.18515625 0.134375 0.190625
1 0.50703125 0.27890625 0.165625 0.5375
1 0.2921875 0.1125 0.3484375 0.225
1 0.23203125 0.22578125 0.1421875 0.3671875