4 0.64453125 0.2515625 0.13203125 0.17578125
4 0.75703125 0.52890625 0.13203125 0.1515625
4 0.67421875 0.7828125 0.1078125 0.1734375
4 0.5796875 0.7125 0.10546875 0.1609375
4 0.2859375 0.3484375 0.1203125 0.165625
4 0.375 0.353125 0.1203125 0.18046875
4 0.50234375 0.3296875 0.1203125 0.14921875
4 0.5375 0.4328125 0.12265625 0.165625
4 0.6109375 0.46484375 0.10546875 0.18515625
4 0.70078125 0.4015625 0.125 0.16328125
4 0.240625 0.4984375 0.1296875 0.17578125
4 0.2984375 0.63828125 0.12734375 0.14453125
4 0.3453125 0.71875 0.134375 0.17578125
4 0.46875 0.74140625 0.1203125 0.16328125
4 0.44140625 0.884375 0.12265625 0.1515625
4 0.5609375 0.87265625 0.12265625 0.15625
4 0.49140625 0.6078125 0.125 0.1203125
4 0.63203125 0.6421875 0.134375 0.16796875
4 0.3609375 0.5203125 0.1203125 0.15859375
4 0.48046875 0.4859375 0.11796875 0.16328125