3 0.18125 0.0671875 0.209375 0.134375
3 0.440625 0.028125 0.20625 0.05625
3 0.79765625 0.146875 0.2359375 0.29375
3 0.63359375 0.1953125 0.353125 0.390625
3 0.41484375 0.1875 0.215625 0.2875
3 0.14765625 0.25234375 0.19375 0.2515625
3 0.31171875 0.3015625 0.2984375 0.359375
3 0.1859375 0.50859375 0.234375 0.2734375
3 0.44453125 0.5046875 0.2953125 0.3484375
3 0.7640625 0.51953125 0.365625 0.415625
3 0.18671875 0.7890625 0.253125 0.309375
3 0.45703125 0.83359375 0.3171875 0.3328125
3 0.79765625 0.85 0.3921875 0.3