5 0.18125 0.46875 0.13203125 0.24765625
5 0.3375 0.46875 0.13203125 0.24765625
5 0.49609375 0.46171875 0.1296875 0.24765625
5 0.65625 0.46171875 0.12734375 0.25234375
5 0.82421875 0.47109375 0.1390625 0.25234375
5 0.50859375 0.2359375 0.8265625 0.08671875
5 0.5171875 0.08515625 0.8171875 0.08671875
5 0.11640625 0.78359375 0.13671875 0.2359375
5 0.1296875 0.375 0.1515625 0.23046875
5 0.9015625 0.5765625 0.1515625 0.196875
5 0.89921875 0.7921875 0.1390625 0.25703125
5 0.63359375 0.79453125 0.14921875 0.26953125
5 0.375 0.79296875 0.146875 0.2671875