1 0.3359375 0.42890625 0.434375 0.2625
1 0.29140625 0.23671875 0.446875 0.3109375
1 0.16875 0.4828125 0.3375 0.2015625
1 0.34140625 0.87578125 0.4078125 0.2484375
1 0.56328125 0.5796875 0.48125 0.2359375
1 0.56328125 0.1984375 0.3125 0.396875
1 0.3171875 0.13828125 0.4171875 0.2765625
1 0.83046875 0.1984375 0.3390625 0.284375
1 0.81875 0.1 0.3453125 0.2
1 0.86328125 0.35 0.2734375 0.2140625
1 0.84296875 0.59765625 0.3140625 0.5125
1 0.75078125 0.65234375 0.2796875 0.5359375
1 0.16640625 0.671875 0.3125 0.2