3 0.3203125 0.04375 0.0890625 0.0859375
3 0.909375 0.18984375 0.115625 0.1421875
3 0.80078125 0.128125 0.11875 0.15
3 0.9703125 0.11484375 0.0515625 0.0859375
3 0.5328125 0.190625 0.1359375 0.1671875
3 0.484375 0.11015625 0.153125 0.2203125
3 0.66953125 0.08046875 0.0828125 0.06875
3 0.753125 0.3390625 0.11875 0.15
3 0.49375 0.3390625 0.1015625 0.1375
3 0.72890625 0.24140625 0.10625 0.1078125
3 0.9875 0.0546875 0.025 0.053125
3 0.634375 0.34453125 0.1515625 0.2234375
3 0.9390625 0.53828125 0.121875 0.146875
3 0.58125 0.7203125 0.1015625 0.15
3 0.44296875 0.73515625 0.0859375 0.1203125
3 0.4453125 0.53046875 0.19375 0.2765625
3 0.896875 0.91640625 0.20625 0.1671875
3 0.98046875 0.7921875 0.0390625 0.13125
3 0.79296875 0.68203125 0.328125 0.4703125
3 0.62421875 0.81484375 0.090625 0.140625
3 0.7015625 0.915625 0.171875 0.15625
3 0.54609375 0.93046875 0.1109375 0.1390625
3 0.42890625 0.88203125 0.075 0.090625
3 0.17578125 0.95546875 0.0828125 0.0890625
3 0.159375 0.86875 0.1125 0.15
3 0.27734375 0.946875 0.2484375 0.10625
3 0.36015625 0.87109375 0.0546875 0.0671875
3 0.3 0.79140625 0.065625 0.078125
3 0.0265625 0.7984375 0.053125 0.1296875
3 0.02265625 0.5328125 0.0453125 0.128125
3 0.2625 0.63984375 0.1578125 0.221875
3 0.234375 0.71796875 0.1 0.128125
3 0.2390625 0.5296875 0.1015625 0.071875
3 0.08359375 0.22890625 0.1671875 0.2609375
3 0.16328125 0.4171875 0.090625 0.125
3 0.25625 0.3421875 0.1609375 0.2328125
3 0.21328125 0.11015625 0.125 0.1625
3 0.1375 0.0875 0.0671875 0.0484375