3 0.39453125 0.6078125 0.125 0.23046875
3 0.4703125 0.36640625 0.084375 0.18984375
3 0.54921875 0.1546875 0.10078125 0.3078125
3 0.62109375 0.38359375 0.15859375 0.2640625
3 0.5171875 0.55546875 0.08203125 0.1703125
3 0.57109375 0.71875 0.0765625 0.14453125
3 0.5 0.8453125 0.07421875 0.14453125
3 0.62890625 0.9265625 0.0796875 0.1390625
3 0.7828125 0.68046875 0.10546875 0.18984375
3 0.66796875 0.5984375 0.11796875 0.21640625
3 0.7796875 0.43125 0.11796875 0.2046875
3 0.740625 0.2296875 0.09375 0.20703125