3 0.3015625 0.83515625 0.1703125 0.2078125
3 0.4484375 0.88671875 0.0515625 0.0703125
3 0.53046875 0.88203125 0.109375 0.1328125
3 0.53125 0.6078125 0.25 0.315625
3 0.253125 0.21171875 0.1203125 0.153125
3 0.13125 0.36328125 0.140625 0.1734375
3 0.2703125 0.634375 0.1140625 0.1359375
3 0.684375 0.71796875 0.0703125 0.09375
3 0.59609375 0.76640625 0.1453125 0.1734375
3 0.76328125 0.6296875 0.0734375 0.09375
3 0.8640625 0.1359375 0.075 0.0921875
3 0.73203125 0.12109375 0.14375 0.1875
3 0.665625 0.17109375 0.0734375 0.0953125
3 0.43515625 0.15 0.0625 0.0703125
3 0.878125 0.3359375 0.1 0.1296875
3 0.246875 0.3515625 0.10625 0.128125
3 0.321875 0.45703125 0.1328125 0.165625
3 0.35078125 0.2984375 0.14375 0.1703125
3 0.21640625 0.48046875 0.1109375 0.1421875
3 0.66875 0.3671875 0.24375 0.3015625
3 0.428125 0.325 0.2234375 0.3375
3 0.66015625 0.17890625 0.2046875 0.2625
3 0.10703125 0.2265625 0.0828125 0.103125
3 0.678125 0.6046875 0.078125 0.0984375