5 0.7171875 0.63359375 0.26171875 0.18515625
5 0.80859375 0.77421875 0.28828125 0.1875
5 0.4640625 0.48046875 0.25234375 0.16328125
5 0.19453125 0.30078125 0.3125 0.2140625
5 0.27734375 0.2015625 0.4015625 0.26953125
5 0.5515625 0.0828125 0.0984375 0.15859375
5 0.67890625 0.10078125 0.1109375 0.14453125
5 0.08515625 0.8171875 0.11328125 0.12265625
5 0.0921875 0.4578125 0.134375 0.08203125
5 0.36875 0.88828125 0.23828125 0.14453125
5 0.30546875 0.90859375 0.1921875 0.1078125
5 0.15859375 0.9359375 0.1078125 0.02890625