4 0.27265625 0.18828125 0.0625 0.075
4 0.40234375 0.15078125 0.0578125 0.0796875
4 0.49296875 0.1328125 0.071875 0.0921875
4 0.58203125 0.134375 0.071875 0.0984375
4 0.678125 0.1296875 0.0765625 0.1
4 0.784375 0.1296875 0.096875 0.121875
4 0.90390625 0.13984375 0.109375 0.1390625
4 0.56328125 0.30859375 0.0578125 0.078125
4 0.671875 0.30078125 0.059375 0.0796875
4 0.81484375 0.3265625 0.1125 0.153125
4 0.94140625 0.3234375 0.1 0.121875
4 0.20234375 0.33828125 0.0625 0.075
4 0.26953125 0.27109375 0.0578125 0.0765625
4 0.31796875 0.33359375 0.0640625 0.0796875
4 0.42578125 0.31796875 0.0734375 0.0953125
4 0.1421875 0.51796875 0.1015625 0.1328125
4 0.278125 0.50390625 0.1 0.13125
4 0.37421875 0.49453125 0.075 0.13125
4 0.48671875 0.58125 0.0734375 0.15
4 0.60703125 0.5703125 0.084375 0.1125
4 0.59921875 0.4171875 0.11875 0.146875
4 0.47421875 0.41328125 0.0703125 0.146875
4 0.73359375 0.48828125 0.1140625 0.1453125
4 0.9296875 0.484375 0.140625 0.215625
4 0.978125 0.7640625 0.04375 0.09375
4 0.9640625 0.86328125 0.071875 0.0984375
4 0.8078125 0.65390625 0.0890625 0.1125
4 0.91328125 0.6546875 0.0625 0.1140625
4 0.71640625 0.6484375 0.0515625 0.1109375
4 0.6125 0.71484375 0.0859375 0.121875
4 0.83203125 0.8265625 0.121875 0.1640625
4 0.6984375 0.8484375 0.1140625 0.165625
4 0.17734375 0.69453125 0.1203125 0.15625
4 0.33046875 0.71328125 0.0859375 0.121875
4 0.41875 0.86171875 0.0546875 0.0796875
4 0.55 0.84765625 0.115625 0.1671875
4 0.3453125 0.86484375 0.0640625 0.0796875
4 0.2328125 0.8484375 0.09375 0.1234375
4 0.09140625 0.84375 0.0984375 0.1234375