0 0.13359375 0.5765625 0.25234375 0.3609375
0 0.44921875 0.5375 0.26953125 0.3921875
0 0.834375 0.4828125 0.31953125 0.46640625
0 0.83203125 0.734375 0.2046875 0.1421875
0 0.46484375 0.759375 0.16328125 0.08203125
0 0.14765625 0.76953125 0.16328125 0.07421875
0 0.11796875 0.86796875 0.2359375 0.146875
0 0.37734375 0.8609375 0.1875 0.14453125
0 0.6 0.8375 0.12734375 0.0984375
0 0.88359375 0.86328125 0.18046875 0.10546875
0 0.5921875 0.9390625 0.11796875 0.0984375
0 0.90234375 0.9375 0.15390625 0.1109375
0 0.31875 0.95703125 0.18046875 0.08203125