1 0.459375 0.6421875 0.0265625 0.0984375
1 0.54296875 0.63359375 0.0265625 0.10078125
1 0.17578125 0.6546875 0.08671875 0.0625
1 0.1703125 0.45546875 0.03359375 0.0578125
1 0.2546875 0.53515625 0.03828125 0.05546875
1 0.3921875 0.428125 0.0796875 0.03359375
1 0.4015625 0.63203125 0.06953125 0.10078125
1 0.59140625 0.509375 0.0625 0.0484375
1 0.6140625 0.63125 0.03359375 0.0890625
1 0.48046875 0.63359375 0.02421875 0.103125
1 0.509375 0.5453125 0.0890625 0.04296875
1 0.46171875 0.4171875 0.02421875 0.071875
1 0.38359375 0.396875 0.084375 0.02890625
1 0.63828125 0.4 0.053125 0.03359375
1 0.8328125 0.4578125 0.0265625 0.0484375
1 0.7953125 0.75703125 0.02421875 0.04296875
1 0.70703125 0.5734375 0.021875 0.04296875
1 0.58046875 0.64453125 0.03125 0.07421875
1 0.35 0.6296875 0.03359375 0.1078125
1 0.2609375 0.45546875 0.0265625 0.040625
1 0.26796875 0.36171875 0.03359375 0.02890625
1 0.21484375 0.38671875 0.04296875 0.021875
1 0.7828125 0.365625 0.02890625 0.03359375
1 0.68515625 0.36640625 0.021875 0.03828125
1 0.83671875 0.7390625 0.03125 0.03828125
1 0.7453125 0.62734375 0.053125 0.03125
1 0.56875 0.4109375 0.02421875 0.0484375