5 0.59765625 0.53515625 0.10546875 0.09609375
5 0.63359375 0.43515625 0.165625 0.0671875
5 0.6515625 0.3609375 0.1875 0.053125
5 0.8234375 0.36171875 0.12734375 0.06953125
5 0.6109375 0.22578125 0.0765625 0.14453125
5 0.7140625 0.2359375 0.0765625 0.11796875
5 0.80546875 0.1875 0.07421875 0.146875
5 0.921875 0.3421875 0.053125 0.09375
5 0.9234375 0.43125 0.053125 0.05546875
5 0.79921875 0.4515625 0.1296875 0.0484375
5 0.68515625 0.54453125 0.0484375 0.0578125
5 0.7390625 0.53984375 0.03125 0.03828125
5 0.74296875 0.68359375 0.165625 0.09375
5 0.7671875 0.8296875 0.209375 0.07421875
5 0.9171875 0.88828125 0.1078125 0.06015625
5 0.9234375 0.81640625 0.09140625 0.0578125
5 0.38359375 0.9046875 0.0625 0.05078125
5 0.44609375 0.9046875 0.0484375 0.03828125
5 0.4265625 0.80390625 0.146875 0.06484375
5 0.42890625 0.69453125 0.17578125 0.12734375
5 0.578125 0.703125 0.1078125 0.084375
5 0.5828125 0.8078125 0.09140625 0.07421875
5 0.5328125 0.8953125 0.07421875 0.0578125
5 0.6140625 0.8921875 0.0625 0.07421875
5 0.71015625 0.896875 0.07421875 0.0484375
5 0.80390625 0.9015625 0.0984375 0.06015625
5 0.07109375 0.81875 0.0765625 0.06484375
5 0.06015625 0.509375 0.06484375 0.07421875
5 0.05390625 0.88671875 0.04296875 0.0578125
5 0.271875 0.709375 0.0625 0.06953125
5 0.08671875 0.17890625 0.0890625 0.1109375
5 0.228125 0.3640625 0.10078125 0.084375
5 0.27421875 0.50859375 0.06015625 0.06953125
5 0.46171875 0.4265625 0.06953125 0.0484375
5 0.4171875 0.2703125 0.0625 0.06953125