4 0.24140625 0.7203125 0.090625 0.121875
4 0.21328125 0.8890625 0.078125 0.1078125
4 0.28515625 0.828125 0.1171875 0.1515625
4 0.39921875 0.8890625 0.1703125 0.2203125
4 0.3953125 0.703125 0.2046875 0.234375
1 0.04375 0.27734375 0.0875 0.3640625
1 0.18671875 0.33359375 0.146875 0.603125
1 0.271875 0.50703125 0.1125 0.3046875
1 0.4375 0.50546875 0.084375 0.2
1 0.37109375 0.1953125 0.184375 0.3859375
1 0.5765625 0.325 0.1875 0.65
1 0.721875 0.34453125 0.1078125 0.45
1 0.8078125 0.43203125 0.08125 0.303125
1 0.92578125 0.375 0.1484375 0.3890625