4 0.08046875 0.7375 0.1609375 0.1578125
4 0.1734375 0.49296875 0.165625 0.146875
4 0.29765625 0.4015625 0.1453125 0.1265625
4 0.37734375 0.203125 0.15625 0.1296875
4 0.92265625 0.77109375 0.1546875 0.1484375
4 0.42109375 0.64140625 0.146875 0.1265625
4 0.56015625 0.5875 0.146875 0.09375
4 0.63359375 0.35 0.1453125 0.1171875
1 0.09296875 0.78046875 0.1859375 0.2484375
1 0.19765625 0.55625 0.171875 0.3203125
1 0.3078125 0.44453125 0.1625 0.3265625
1 0.3921875 0.253125 0.146875 0.4828125
1 0.37734375 0.7171875 0.2734375 0.5234375
1 0.5890625 0.684375 0.1671875 0.3609375
1 0.74765625 0.515625 0.190625 0.1640625
1 0.75546875 0.721875 0.190625 0.228125
4 0.72890625 0.66796875 0.1421875 0.0984375