1 0.45703125 0.1703125 0.178125 0.2125
1 0.475 0.275 0.1796875 0.2140625
1 0.49140625 0.53125 0.1203125 0.2640625
1 0.534375 0.44453125 0.096875 0.2703125
1 0.61328125 0.3125 0.10625 0.2546875
1 0.68125 0.2671875 0.096875 0.2703125
1 0.78671875 0.2671875 0.115625 0.259375
1 0.69765625 0.42421875 0.1390625 0.2578125
1 0.86484375 0.4421875 0.1140625 0.2640625
1 0.70859375 0.52421875 0.1375 0.2546875
1 0.77578125 0.52421875 0.11875 0.2546875
1 0.6265625 0.5828125 0.109375 0.2671875
1 0.70703125 0.734375 0.196875 0.1609375
1 0.8359375 0.70078125 0.084375 0.2578125