4 0.384375 0.23671875 0.0984375 0.08125
4 0.38203125 0.31015625 0.1015625 0.0859375
4 0.53046875 0.2734375 0.1484375 0.1125
4 0.684375 0.25625 0.1484375 0.121875
4 0.190625 0.50703125 0.109375 0.1
4 0.25859375 0.43203125 0.1125 0.0921875
4 0.4 0.4078125 0.1796875 0.1859375
4 0.41328125 0.49375 0.1046875 0.096875
4 0.5234375 0.3953125 0.159375 0.1609375
4 0.6171875 0.4328125 0.1 0.0796875
4 0.740625 0.3765625 0.1296875 0.1109375
4 0.659375 0.41484375 0.11875 0.1265625
4 0.7546875 0.4671875 0.109375 0.0859375
4 0.82265625 0.525 0.115625 0.1015625
4 0.23203125 0.65859375 0.1140625 0.1
4 0.33125 0.58203125 0.09375 0.0859375
4 0.296875 0.503125 0.103125 0.1015625
4 0.340625 0.6609375 0.0984375 0.0921875
4 0.44921875 0.58203125 0.1484375 0.140625
4 0.58671875 0.52265625 0.1453125 0.140625
4 0.66328125 0.62890625 0.096875 0.0953125
4 0.71953125 0.68828125 0.0921875 0.078125
4 0.46796875 0.725 0.1265625 0.1140625
4 0.68515625 0.76171875 0.0890625 0.084375
4 0.7109375 0.84921875 0.0890625 0.0921875