3 0.11640625 0.12578125 0.1984375 0.1890625
3 0.375 0.12578125 0.215625 0.2078125
3 0.878125 0.12578125 0.190625 0.1890625
3 0.878125 0.36484375 0.2234375 0.2125
3 0.63125 0.3640625 0.2328125 0.225
3 0.37578125 0.36328125 0.2328125 0.2203125
3 0.11640625 0.3625 0.2125 0.196875
3 0.11640625 0.6109375 0.2203125 0.2078125
3 0.3765625 0.61328125 0.23125 0.228125
3 0.6296875 0.609375 0.1984375 0.190625
3 0.8765625 0.61015625 0.2328125 0.221875
3 0.87890625 0.8625 0.1921875 0.190625
3 0.6296875 0.86171875 0.19375 0.1859375
3 0.11484375 0.86171875 0.2140625 0.203125
3 0.3640625 0.8640625 0.1265625 0.1203125