3 0.19453125 0.5765625 0.21171875 0.4375
3 0.11796875 0.7015625 0.2359375 0.27890625
3 0.4828125 0.63125 0.2453125 0.31484375
3 0.603125 0.5453125 0.14921875 0.40859375
3 0.83984375 0.6515625 0.27890625 0.31953125
3 0.946875 0.5265625 0.10078125 0.3890625
3 0.80078125 0.4 0.21875 0.2234375
3 0.478125 0.37109375 0.16796875 0.21875
3 0.25859375 0.26328125 0.18984375 0.3078125
3 0.4984375 0.1734375 0.103125 0.1421875
3 0.7875 0.2171875 0.20703125 0.1703125
3 0.92421875 0.2296875 0.1390625 0.2328125