1 0.4796875 0.59140625 0.15859375 0.09609375
1 0.27421875 0.7296875 0.0984375 0.196875
1 0.6734375 0.7078125 0.14453125 0.1609375
1 0.6671875 0.490625 0.08671875 0.2015625
1 0.52890625 0.3609375 0.071875 0.18046875
1 0.8140625 0.51171875 0.09140625 0.196875
1 0.140625 0.50625 0.10546875 0.11328125
1 0.290625 0.4625 0.134375 0.134375
1 0.32109375 0.19921875 0.13203125 0.1109375
1 0.51171875 0.13203125 0.10546875 0.1703125
1 0.86171875 0.31640625 0.12734375 0.09140625
1 0.44921875 0.73828125 0.14921875 0.1390625
1 0.16484375 0.328125 0.13203125 0.10078125
1 0.6625 0.22109375 0.09140625 0.165625
1 0.83984375 0.071875 0.14453125 0.10078125
1 0.7875 0.6734375 0.1609375 0.1203125