0 0.18828125 0.75390625 0.05 0.0546875
0 0.1265625 0.68515625 0.1359375 0.1484375
0 0.5015625 0.82578125 0.0796875 0.128125
0 0.56953125 0.88515625 0.0546875 0.0875
0 0.14453125 0.53515625 0.0421875 0.0578125
0 0.20859375 0.559375 0.065625 0.075
0 0.2 0.48671875 0.0796875 0.084375
0 0.08125 0.5015625 0.0515625 0.0765625
0 0.46171875 0.7359375 0.05 0.078125
0 0.3125 0.55703125 0.090625 0.1359375
0 0.30234375 0.65234375 0.0578125 0.0859375
0 0.85546875 0.75234375 0.065625 0.10625
0 0.93984375 0.75859375 0.103125 0.1828125
0 0.51484375 0.57265625 0.0734375 0.0984375
0 0.53046875 0.66953125 0.0671875 0.1171875
0 0.5703125 0.7375 0.0734375 0.125
0 0.6703125 0.74296875 0.090625 0.125
0 0.6640625 0.5515625 0.1109375 0.1375
0 0.590625 0.4453125 0.1328125 0.2359375
0 0.51640625 0.315625 0.121875 0.2171875
0 0.53359375 0.2796875 0.2421875 0.440625
0 0.73671875 0.40234375 0.146875 0.1671875
0 0.81328125 0.60078125 0.0671875 0.059375
0 0.8359375 0.59296875 0.215625 0.2015625
0 0.3390625 0.29296875 0.0859375 0.1046875
0 0.38828125 0.38515625 0.0453125 0.053125
0 0.88515625 0.4046875 0.1265625 0.2