5 0.18984375 0.6546875 0.25703125 0.3578125
5 0.859375 0.79921875 0.09609375 0.22109375
5 0.88359375 0.50234375 0.12265625 0.3265625
5 0.7453125 0.16484375 0.1296875 0.3296875
5 0.56015625 0.18125 0.21171875 0.35078125
5 0.35703125 0.2046875 0.15859375 0.196875
5 0.5625 0.5328125 0.1515625 0.31484375
5 0.69453125 0.81875 0.0890625 0.1734375
5 0.665625 0.8078125 0.2046875 0.34375
5 0.4671875 0.6546875 0.1390625 0.56484375
5 0.22578125 0.75625 0.125 0.21171875
5 0.2203125 0.5140625 0.2984375 0.2984375
5 0.25 0.41328125 0.2765625 0.2765625