4 0.10390625 0.2703125 0.1140625 0.184375
4 0.22421875 0.2640625 0.121875 0.203125
4 0.359375 0.2640625 0.13125 0.2234375
4 0.5046875 0.25859375 0.14375 0.2359375
4 0.6796875 0.246875 0.15625 0.2578125
4 0.884375 0.19921875 0.171875 0.271875
4 0.8171875 0.4328125 0.1734375 0.2515625
4 0.13984375 0.50859375 0.175 0.2546875
4 0.4203125 0.45390625 0.1046875 0.1703125
4 0.603125 0.4546875 0.103125 0.16875
4 0.14765625 0.78125 0.1703125 0.26875
4 0.33671875 0.64609375 0.1546875 0.259375
4 0.5125 0.65859375 0.14375 0.2390625
4 0.66015625 0.6671875 0.13125 0.221875
4 0.79296875 0.66875 0.1234375 0.2046875
4 0.91484375 0.6765625 0.115625 0.184375
4 0.4125 0.85703125 0.10625 0.171875
4 0.59609375 0.85703125 0.103125 0.16875
4 0.771875 0.865625 0.1078125 0.175