4 0.1484375 0.2765625 0.1015625 0.1328125
4 0.04296875 0.35234375 0.0859375 0.13125
4 0.328125 0.36484375 0.0953125 0.13125
4 0.403125 0.2328125 0.09375 0.1125
4 0.50703125 0.11640625 0.09375 0.1203125
4 0.05625 0.10234375 0.09375 0.1234375
4 0.04140625 0.53359375 0.0828125 0.1515625
4 0.084375 0.71796875 0.103125 0.1453125
4 0.40234375 0.63515625 0.0953125 0.1328125
4 0.525 0.571875 0.1 0.1359375
4 0.62578125 0.60390625 0.1015625 0.1375
4 0.60859375 0.71171875 0.103125 0.128125
4 0.6765625 0.809375 0.0984375 0.14375
4 0.846875 0.678125 0.0984375 0.1375
4 0.81171875 0.56484375 0.0953125 0.1203125
4 0.7546875 0.44140625 0.0890625 0.1203125
4 0.615625 0.33828125 0.0921875 0.1234375
4 0.6609375 0.2609375 0.090625 0.128125
4 0.753125 0.32421875 0.096875 0.1265625
4 0.7046875 0.0578125 0.0890625 0.115625
4 0.86640625 0.184375 0.0828125 0.1328125
4 0.953125 0.134375 0.0875 0.1265625
4 0.425 0.78359375 0.109375 0.1484375
1 0.80703125 0.8515625 0.1859375 0.15625
1 0.29765625 0.63515625 0.121875 0.246875
1 0.20703125 0.72734375 0.1640625 0.1796875
1 0.11171875 0.4171875 0.153125 0.14375
1 0.20390625 0.1203125 0.1421875 0.2109375
1 0.30546875 0.08828125 0.0859375 0.1765625
1 0.26640625 0.28125 0.128125 0.2109375
1 0.525 0.30234375 0.1046875 0.1890625
1 0.60078125 0.190625 0.1078125 0.2171875
1 0.88125 0.3546875 0.1515625 0.1609375
1 0.94375 0.30859375 0.10625 0.2390625
1 0.8859375 0.5328125 0.1390625 0.2
1 0.94921875 0.78046875 0.1015625 0.25625
1 0.55703125 0.759375 0.140625 0.2125
1 0.53046875 0.42734375 0.1609375 0.14375
1 0.6375 0.48125 0.1640625 0.175
1 0.4234375 0.46484375 0.146875 0.1828125
1 0.75390625 0.6875 0.125 0.2078125