3 0.1453125 0.4703125 0.13203125 0.134375
3 0.48828125 0.4375 0.353125 0.28359375
3 0.2765625 0.27734375 0.2140625 0.1734375
3 0.48828125 0.2046875 0.228125 0.1734375
3 0.72734375 0.275 0.1609375 0.1390625
3 0.81875 0.38203125 0.1609375 0.1390625
3 0.709375 0.4703125 0.0890625 0.09375
3 0.83671875 0.50625 0.11328125 0.1109375
3 0.80078125 0.62890625 0.12734375 0.11796875
3 0.3640625 0.7390625 0.1203125 0.12734375
3 0.22265625 0.67890625 0.103125 0.10546875
3 0.3484375 0.62734375 0.10078125 0.0890625
3 0.25859375 0.45546875 0.09609375 0.084375