4 0.55703125 0.525 0.0671875 0.0765625
4 0.69375 0.35234375 0.1 0.1
4 0.8078125 0.4796875 0.1015625 0.109375
4 0.18984375 0.36875 0.0734375 0.06875
4 0.21015625 0.46953125 0.075 0.0796875
4 0.37265625 0.47734375 0.06875 0.075
4 0.42421875 0.428125 0.06875 0.0765625
4 0.49375 0.34453125 0.0984375 0.1
4 0.58828125 0.43359375 0.0921875 0.0984375
4 0.5828125 0.3859375 0.1015625 0.1078125
4 0.33671875 0.33828125 0.121875 0.125
4 0.3296875 0.2859375 0.134375 0.128125
4 0.19921875 0.415625 0.0671875 0.0421875
1 0.303125 0.6484375 0.1265625 0.221875
1 0.41875 0.6359375 0.084375 0.2296875
1 0.590625 0.625 0.1546875 0.2203125
1 0.71171875 0.653125 0.2265625 0.190625