3 0.34609375 0.77421875 0.14453125 0.20703125
3 0.5578125 0.834375 0.2453125 0.32421875
3 0.875 0.63671875 0.07421875 0.10546875
3 0.93984375 0.52734375 0.09140625 0.16328125
3 0.8859375 0.4171875 0.05078125 0.08203125
3 0.90859375 0.30546875 0.0984375 0.13203125
3 0.56953125 0.1421875 0.07421875 0.15625
3 0.50390625 0.05546875 0.115625 0.1109375
3 0.35859375 0.0765625 0.1234375 0.153125
3 0.2328125 0.140625 0.1390625 0.1609375
3 0.1515625 0.2859375 0.14453125 0.1703125
3 0.35078125 0.5328125 0.02421875 0.05546875
3 0.43125 0.50859375 0.03359375 0.05078125
3 0.459375 0.48828125 0.03359375 0.05078125
3 0.45546875 0.521875 0.01953125 0.03828125
3 0.48671875 0.5671875 0.03828125 0.05078125
3 0.52890625 0.5734375 0.03828125 0.05546875
3 0.509375 0.5375 0.02890625 0.03828125
3 0.55625 0.45546875 0.07421875 0.10078125
3 0.46484375 0.2921875 0.06953125 0.09140625
3 0.40625 0.38359375 0.0796875 0.09609375
3 0.74140625 0.38125 0.0578125 0.0796875
3 0.665625 0.4234375 0.06953125 0.0890625
3 0.3171875 0.22265625 0.040625 0.13203125
3 0.70703125 0.6546875 0.20703125 0.2671875