4 0.12890625 0.4171875 0.15859375 0.15390625
4 0.240625 0.5265625 0.14921875 0.1515625
4 0.3296875 0.6421875 0.1421875 0.14921875
4 0.17578125 0.7046875 0.14921875 0.15859375
4 0.4796875 0.7125 0.15390625 0.125
4 0.72265625 0.71640625 0.15859375 0.1515625
4 0.36328125 0.2234375 0.11796875 0.12734375
4 0.446875 0.31484375 0.1515625 0.14921875
4 0.4109375 0.43125 0.11328125 0.1203125
4 0.53828125 0.43125 0.1421875 0.1515625
4 0.47578125 0.5796875 0.134375 0.1390625
4 0.58984375 0.61875 0.1109375 0.10546875
4 0.6921875 0.5609375 0.1515625 0.15625
4 0.81640625 0.49375 0.15859375 0.1515625
4 0.76171875 0.39296875 0.1515625 0.15390625
4 0.64453125 0.43125 0.08671875 0.134375
4 0.59140625 0.2875 0.165625 0.1390625