3 0.2078125 0.44375 0.1078125 0.1453125
3 0.33359375 0.47734375 0.1171875 0.1515625
3 0.44140625 0.34765625 0.109375 0.1421875
3 0.534375 0.19375 0.096875 0.11875
3 0.64140625 0.1734375 0.09375 0.115625
3 0.725 0.246875 0.1515625 0.1921875
3 0.809375 0.4125 0.1484375 0.2
3 0.67265625 0.446875 0.1359375 0.1765625
3 0.66015625 0.5984375 0.1203125 0.1484375
3 0.2703125 0.7046875 0.1484375 0.19375
3 0.325 0.82109375 0.15625 0.19375
3 0.5078125 0.86796875 0.1203125 0.15625
3 0.5328125 0.41953125 0.115625 0.140625
3 0.76015625 0.684375 0.1453125 0.1921875
3 0.6234375 0.8078125 0.14375 0.1953125
3 0.74609375 0.8421875 0.14375 0.175