5 0.21015625 0.3015625 0.31953125 0.178125
5 0.27890625 0.18984375 0.0984375 0.12265625
5 0.38671875 0.1515625 0.0671875 0.25703125
5 0.51953125 0.11875 0.13671875 0.2328125
5 0.61640625 0.22109375 0.1734375 0.22578125
5 0.7296875 0.3125 0.271875 0.1609375
5 0.8171875 0.453125 0.36328125 0.28828125
5 0.66328125 0.64921875 0.1875 0.2546875
5 0.5984375 0.83203125 0.21875 0.33203125
5 0.3546875 0.75625 0.36328125 0.40390625
5 0.45546875 0.4359375 0.2359375 0.3578125
5 0.1546875 0.5203125 0.26953125 0.1078125