4 0.35 0.55 0.125 0.1484375
4 0.53046875 0.4953125 0.128125 0.1390625
4 0.5234375 0.6765625 0.128125 0.1515625
4 0.66640625 0.62265625 0.1375 0.121875
4 0.4359375 0.296875 0.128125 0.1375
4 0.5859375 0.30625 0.1265625 0.1359375
4 0.7109375 0.43203125 0.1171875 0.1390625
1 0.39296875 0.23359375 0.225 0.2921875
1 0.63203125 0.2453125 0.203125 0.2640625
1 0.22734375 0.47890625 0.38125 0.1375
1 0.77109375 0.4 0.30625 0.175
1 0.3296875 0.74609375 0.3109375 0.396875
1 0.71953125 0.7203125 0.2265625 0.3828125