5 0.07109375 0.39921875 0.13203125 0.25703125
5 0.3109375 0.6859375 0.165625 0.36796875
5 0.1 0.71875 0.14453125 0.19921875
5 0.60703125 0.90234375 0.19921875 0.18984375
5 0.859375 0.72734375 0.1703125 0.34375
5 0.22265625 0.13671875 0.3171875 0.2140625
5 0.61640625 0.6109375 0.14921875 0.3265625
5 0.31640625 0.28828125 0.20703125 0.22109375
5 0.6515625 0.3546875 0.23046875 0.15859375
5 0.86640625 0.428125 0.16328125 0.1703125
5 0.81484375 0.21875 0.12734375 0.2328125
5 0.58671875 0.1296875 0.209375 0.259375