0 0.103125 0.5796875 0.0796875 0.13671875
0 0.10703125 0.646875 0.1390625 0.16328125
0 0.25625 0.68984375 0.10546875 0.15390625
0 0.3078125 0.771875 0.08671875 0.11796875
0 0.4734375 0.7140625 0.10546875 0.1078125
0 0.61796875 0.7796875 0.115625 0.125
0 0.8703125 0.74765625 0.10078125 0.11796875
0 0.7703125 0.53984375 0.16328125 0.271875
0 0.58984375 0.490625 0.12734375 0.21171875
0 0.59140625 0.59765625 0.13203125 0.14921875
0 0.353125 0.56484375 0.13671875 0.2140625
0 0.2609375 0.44375 0.1703125 0.2671875
0 0.4359375 0.34375 0.165625 0.26171875
0 0.43515625 0.4859375 0.1703125 0.18046875
0 0.64921875 0.4171875 0.15625 0.271875