4 0.15625 0.48828125 0.125 0.165625
4 0.2921875 0.4828125 0.15390625 0.15859375
4 0.71015625 0.5953125 0.18984375 0.22578125
4 0.8640625 0.50234375 0.13671875 0.16796875
4 0.55546875 0.5984375 0.09140625 0.14453125
4 0.3859375 0.71015625 0.1109375 0.15859375
4 0.26171875 0.69609375 0.115625 0.1609375
4 0.2078125 0.61640625 0.1421875 0.1734375
4 0.47265625 0.64765625 0.11328125 0.15625
4 0.446875 0.47734375 0.165625 0.18046875
4 0.6046875 0.4671875 0.146875 0.1390625
4 0.72734375 0.46171875 0.11796875 0.1109375
4 0.7859375 0.421875 0.103125 0.06953125
4 0.75859375 0.3640625 0.09140625 0.0796875
4 0.65859375 0.37890625 0.1421875 0.1296875
4 0.5140625 0.3703125 0.12734375 0.1203125
4 0.3734375 0.37890625 0.13671875 0.11328125
4 0.240625 0.38203125 0.14453125 0.115625
4 0.32109375 0.3078125 0.12734375 0.115625
4 0.38828125 0.2515625 0.09609375 0.08671875
4 0.44453125 0.2953125 0.1421875 0.10546875
4 0.57421875 0.2921875 0.12734375 0.09609375
4 0.61171875 0.2515625 0.06953125 0.05546875
4 0.6921875 0.296875 0.10546875 0.08203125
4 0.50703125 0.22109375 0.11796875 0.08203125