4 0.20546875 0.33984375 0.08671875 0.09375
4 0.38359375 0.21171875 0.09140625 0.09375
4 0.48828125 0.2609375 0.09609375 0.09375
4 0.771875 0.26171875 0.09609375 0.08671875
4 0.7984375 0.33671875 0.0984375 0.10078125
4 0.8890625 0.4734375 0.09375 0.09140625
4 0.7234375 0.525 0.09140625 0.08671875
4 0.71640625 0.72578125 0.10546875 0.09609375
4 0.4703125 0.8015625 0.0984375 0.0984375
4 0.13828125 0.66953125 0.0984375 0.10078125
4 0.29453125 0.65234375 0.0984375 0.10078125
4 0.39921875 0.6609375 0.09609375 0.084375
4 0.50625 0.6546875 0.0984375 0.0984375
4 0.59765625 0.634375 0.09140625 0.09140625
4 0.61171875 0.521875 0.09140625 0.09140625
4 0.646875 0.4578125 0.09609375 0.084375
4 0.59140625 0.55625 0.09375 0.06953125
4 0.29453125 0.55546875 0.0984375 0.084375
4 0.38203125 0.51328125 0.10546875 0.084375
4 0.2515625 0.4859375 0.08203125 0.09140625
4 0.30078125 0.41953125 0.09140625 0.07421875
4 0.30546875 0.33671875 0.084375 0.0890625
4 0.4 0.3265625 0.09375 0.08203125
4 0.43515625 0.43359375 0.0890625 0.084375
4 0.521875 0.3921875 0.10546875 0.06953125
4 0.51171875 0.4859375 0.0984375 0.09609375