4 0.0765625 0.671875 0.1390625 0.11796875
4 0.87734375 0.24609375 0.21640625 0.21875
4 0.86640625 0.44921875 0.24765625 0.21171875
4 0.86171875 0.62734375 0.2359375 0.21640625
4 0.7296875 0.7234375 0.17578125 0.165625
4 0.22578125 0.6109375 0.134375 0.11796875
4 0.2234375 0.7296875 0.1390625 0.13203125
4 0.41328125 0.50390625 0.165625 0.16328125
4 0.41328125 0.59609375 0.2046875 0.14453125
4 0.41328125 0.6859375 0.2046875 0.1203125
4 0.4734375 0.76953125 0.13203125 0.1109375
4 0.625 0.4203125 0.19921875 0.2046875
4 0.62890625 0.55546875 0.20703125 0.1421875
4 0.625 0.68046875 0.21640625 0.1296875