3 0.8 0.14921875 0.0984375 0.0765625
4 0.84453125 0.65859375 0.0125 0.0125
4 0.7671875 0.7078125 0.0125 0.0140625
1 0.82421875 0.690625 0.00625 0.0109375
1 0.8375 0.68671875 0.00625 0.009375
1 0.8453125 0.69921875 0.00625 0.0109375
1 0.84453125 0.74609375 0.0046875 0.0109375
1 0.83671875 0.7640625 0.0046875 0.009375
1 0.86015625 0.6796875 0.00625 0.0109375
1 0.87265625 0.65390625 0.00625 0.0125
1 0.86015625 0.75390625 0.0046875 0.0125
1 0.8703125 0.77109375 0.00625 0.0109375
1 0.90078125 0.66640625 0.00625 0.0125
1 0.89921875 0.7375 0.0046875 0.0125
1 0.8890625 0.7625 0.00625 0.0125
1 0.890625 0.6484375 0.0046875 0.0125
4 0.9 0.64296875 0.0109375 0.0125