1 0.0671875 0.15859375 0.134375 0.3171875
1 0.10078125 0.4421875 0.2015625 0.38125
1 0.175 0.565625 0.35 0.459375
1 0.29453125 0.6 0.2359375 0.4640625
1 0.334375 0.87265625 0.4828125 0.2515625
1 0.359375 0.2984375 0.3625 0.3875
1 0.6671875 0.23359375 0.2609375 0.4640625
1 0.67265625 0.28828125 0.3203125 0.546875
1 0.81875 0.14609375 0.3609375 0.2921875
1 0.6 0.59921875 0.5265625 0.259375
1 0.7734375 0.6578125 0.453125 0.321875
1 0.65078125 0.846875 0.4609375 0.30625
1 0.6671875 0.646875 0.4375 0.3328125
1 0.896875 0.8171875 0.20625 0.284375