3 0.1375 0.8375 0.275 0.24375
3 0.10859375 0.54453125 0.2171875 0.421875
3 0.31796875 0.68125 0.3046875 0.4453125
3 0.57578125 0.77421875 0.296875 0.2625
3 0.57265625 0.90390625 0.465625 0.1125
3 0.43046875 0.39453125 0.1734375 0.159375
3 0.25703125 0.37734375 0.2890625 0.21875
3 0.6484375 0.60625 0.2015625 0.153125
3 0.8125 0.79609375 0.271875 0.234375
3 0.98671875 0.58203125 0.0265625 0.2015625
3 0.96796875 0.46875 0.0640625 0.1140625
3 0.8828125 0.60390625 0.221875 0.2578125
3 0.96796875 0.796875 0.0640625 0.14375
3 0.8078125 0.47890625 0.2765625 0.4109375
3 0.625 0.546875 0.2578125 0.2671875
3 0.596875 0.50859375 0.3171875 0.4109375