5 0.15 0.2953125 0.09609375 0.21875
5 0.26328125 0.2875 0.125 0.2234375
5 0.37734375 0.271875 0.1109375 0.22578125
5 0.490625 0.25703125 0.10078125 0.228125
5 0.603125 0.25859375 0.09375 0.2953125
5 0.7390625 0.24609375 0.125 0.30078125
5 0.86640625 0.24140625 0.1296875 0.30078125
5 0.1515625 0.51796875 0.12265625 0.21640625
5 0.2765625 0.515625 0.1203125 0.22109375
5 0.4390625 0.5140625 0.12734375 0.22109375
5 0.58203125 0.5203125 0.10546875 0.2140625
5 0.70078125 0.5140625 0.1078125 0.21171875
5 0.81640625 0.50859375 0.1109375 0.209375
5 0.125 0.7234375 0.115625 0.15625
5 0.24140625 0.7296875 0.1078125 0.14453125
5 0.3640625 0.728125 0.115625 0.15625
5 0.46484375 0.72734375 0.0890625 0.13671875
5 0.5671875 0.73046875 0.09140625 0.1296875
5 0.6578125 0.725 0.0984375 0.13203125
5 0.765625 0.7171875 0.09375 0.1390625
5 0.8640625 0.7171875 0.09375 0.14453125
5 0.1265625 0.9 0.08671875 0.10078125
5 0.21015625 0.8953125 0.06953125 0.10078125
5 0.27734375 0.89296875 0.084375 0.10546875
5 0.36640625 0.89765625 0.08203125 0.10546875
5 0.44375 0.9015625 0.06953125 0.0984375
5 0.5140625 0.8953125 0.06015625 0.06484375
5 0.59140625 0.89921875 0.06953125 0.08203125
5 0.66328125 0.88359375 0.06015625 0.084375
5 0.73046875 0.8796875 0.07421875 0.0984375
5 0.8484375 0.8859375 0.11796875 0.13203125