5 0.053125 0.4390625 0.10546875 0.39921875
5 0.1234375 0.55078125 0.09140625 0.4546875
5 0.15390625 0.3296875 0.09375 0.36796875
5 0.25 0.46015625 0.08671875 0.4109375
5 0.265625 0.26328125 0.07421875 0.4234375
5 0.37265625 0.47265625 0.08671875 0.396875
5 0.30859375 0.68359375 0.09140625 0.34140625
5 0.453125 0.6296875 0.0765625 0.396875
5 0.43984375 0.29453125 0.084375 0.40859375
5 0.540625 0.28359375 0.0765625 0.4203125
5 0.5828125 0.5203125 0.0984375 0.4109375
5 0.6671875 0.33203125 0.084375 0.39921875
5 0.61328125 0.65859375 0.0984375 0.40859375
5 0.734375 0.5359375 0.115625 0.38203125
5 0.8375 0.390625 0.0890625 0.38671875
5 0.80546875 0.7765625 0.103125 0.4109375
5 0.884375 0.64453125 0.10078125 0.4234375
5 0.94375 0.475 0.10546875 0.44453125
5 0.44609375 0.88125 0.69453125 0.0890625
5 0.459375 0.9515625 0.4328125 0.071875