4 0.625 0.7453125 0.1890625 0.3
4 0.58203125 0.72109375 0.159375 0.2296875
4 0.53828125 0.540625 0.24375 0.2703125
4 0.4015625 0.590625 0.1109375 0.165625
4 0.8359375 0.87734375 0.125 0.2453125
4 0.80546875 0.41875 0.215625 0.41875
4 0.54375 0.334375 0.2265625 0.3234375
4 0.3046875 0.1 0.103125 0.1484375
4 0.0390625 0.4 0.078125 0.115625
4 0.0515625 0.48671875 0.071875 0.0953125
4 0.4078125 0.28359375 0.2 0.3078125
4 0.4640625 0.08984375 0.2046875 0.1796875
1 0.109375 0.83359375 0.21875 0.3328125
4 0.0171875 0.54765625 0.034375 0.2171875
1 0.14296875 0.18515625 0.2359375 0.3328125
1 0.2171875 0.17265625 0.1796875 0.3453125
1 0.3109375 0.43203125 0.190625 0.2078125
1 0.1375 0.38515625 0.196875 0.184375
1 0.046875 0.2859375 0.09375 0.11875
1 0.2734375 0.68359375 0.3796875 0.559375
1 0.865625 0.84296875 0.26875 0.296875
1 0.86484375 0.6984375 0.2703125 0.25625
1 0.95078125 0.475 0.0984375 0.2171875
1 0.7578125 0.23046875 0.4203125 0.3953125