3 0.42265625 0.02421875 0.0875 0.0484375
3 0.3640625 0.03125 0.0625 0.0453125
3 0.36640625 0.07578125 0.0859375 0.0625
3 0.42265625 0.096875 0.0671875 0.0484375
3 0.340625 0.13125 0.10625 0.08125
3 0.3375 0.184375 0.0734375 0.0484375
3 0.3375 0.23203125 0.0859375 0.0640625
3 0.4265625 0.24609375 0.0875 0.0671875
3 0.36484375 0.278125 0.0859375 0.065625
3 0.325 0.3328125 0.0609375 0.0515625
3 0.40078125 0.33125 0.1078125 0.078125
3 0.9484375 0.05625 0.103125 0.1125
3 0.9046875 0.121875 0.1484375 0.1109375
3 0.88828125 0.26484375 0.2234375 0.2015625
3 0.04609375 0.4484375 0.0921875 0.1453125
3 0.05546875 0.6140625 0.1109375 0.171875
3 0.2109375 0.66328125 0.20625 0.1515625
3 0.25 0.53359375 0.4734375 0.3328125
3 0.37578125 0.73515625 0.2125 0.159375
3 0.16953125 0.83203125 0.3375 0.33125
3 0.6015625 0.79765625 0.1140625 0.071875
3 0.69609375 0.86171875 0.140625 0.1109375
3 0.5921875 0.88203125 0.1453125 0.1109375
3 0.7 0.85703125 0.3265625 0.240625
3 0.63125 0.43984375 0.2078125 0.1296875
3 0.853125 0.44453125 0.2265625 0.14375
3 0.5546875 0.5828125 0.0890625 0.13125
3 0.9546875 0.5484375 0.0640625 0.071875
3 0.8859375 0.66875 0.13125 0.0625
3 0.63203125 0.64140625 0.121875 0.09375