1 0.890625 0.1125 0.034375 0.0375
1 0.16015625 0.3890625 0.046875 0.046875
1 0.340625 0.21171875 0.046875 0.05
1 0.603125 0.190625 0.0484375 0.05625
1 0.8109375 0.3359375 0.046875 0.05
1 0.87421875 0.559375 0.0453125 0.046875
1 0.12734375 0.6140625 0.04375 0.0453125
1 0.23125 0.803125 0.034375 0.040625
1 0.4171875 0.896875 0.0359375 0.0390625
1 0.62265625 0.88203125 0.0390625 0.0375
1 0.7953125 0.7625 0.0390625 0.040625
3 0.64453125 0.30703125 0.7109375 0.6140625
3 0.49921875 0.50390625 0.9796875 0.9921875