0 0.134375 0.59609375 0.1828125 0.1828125
0 0.0640625 0.37734375 0.12734375 0.18046875
0 0.3296875 0.36171875 0.1875 0.15859375
0 0.50703125 0.4578125 0.18984375 0.16796875
0 0.7796875 0.66015625 0.19921875 0.178125
0 0.90390625 0.48046875 0.1828125 0.178125
0 0.515625 0.8484375 0.19453125 0.18515625
0 0.67421875 0.7671875 0.1921875 0.18515625
0 0.45078125 0.65234375 0.19453125 0.1875
0 0.696875 0.30625 0.1734375 0.16796875
0 0.5765625 0.2234375 0.16796875 0.1703125
0 0.3140625 0.25625 0.17578125 0.14453125
0 0.27890625 0.40390625 0.17578125 0.15859375
0 0.74375 0.50625 0.17578125 0.15859375