4 0.08359375 0.26796875 0.1671875 0.2171875
4 0.371875 0.225 0.2046875 0.209375
4 0.696875 0.23671875 0.190625 0.209375
4 0.94453125 0.2984375 0.1109375 0.2203125
4 0.82109375 0.440625 0.10625 0.1015625
4 0.940625 0.53125 0.1125 0.1078125
4 0.25546875 0.4171875 0.1421875 0.1375
4 0.49609375 0.3703125 0.1453125 0.146875
4 0.36484375 0.528125 0.10625 0.1046875
4 0.071875 0.47890625 0.1390625 0.140625
4 0.18828125 0.5984375 0.1109375 0.1125
4 0.084375 0.70546875 0.0515625 0.0546875
4 0.16328125 0.7203125 0.0515625 0.0578125
4 0.03671875 0.75546875 0.0515625 0.0546875
4 0.11640625 0.76875 0.053125 0.053125
4 0.37890625 0.86796875 0.084375 0.084375
4 0.58671875 0.859375 0.0875 0.08125
4 0.79375 0.8671875 0.0828125 0.0828125
1 0.46484375 0.6109375 0.4890625 0.4328125
1 0.68046875 0.64375 0.30625 0.2890625
1 0.87265625 0.69765625 0.1796875 0.184375