4 0.29375 0.66953125 0.115625 0.15625
4 0.39609375 0.84765625 0.1484375 0.2234375
4 0.71484375 0.8671875 0.1859375 0.175
4 0.8484375 0.15546875 0.0609375 0.1671875
4 0.05859375 0.05703125 0.0546875 0.1140625
4 0.12109375 0.096875 0.10625 0.1640625
4 0.0671875 0.4140625 0.134375 0.1875
4 0.0265625 0.28984375 0.053125 0.0828125
4 0.209375 0.290625 0.16875 0.1734375
4 0.371875 0.11875 0.15 0.2375
4 0.38359375 0.3046875 0.0984375 0.1421875
4 0.35703125 0.26953125 0.140625 0.146875
4 0.621875 0.03984375 0.1 0.0796875
4 0.70703125 0.2125 0.225 0.3203125
4 0.57109375 0.56640625 0.171875 0.2390625
4 0.88828125 0.309375 0.0921875 0.1421875
4 0.77109375 0.61875 0.1765625 0.2390625
4 0.021875 0.5875 0.04375 0.1015625
1 0.0640625 0.72578125 0.128125 0.203125
1 0.05390625 0.8515625 0.1078125 0.1546875
1 0.11875 0.93359375 0.2375 0.046875
1 0.71796875 0.45625 0.175 0.15625
1 0.7234375 0.103125 0.10625 0.20625
1 0.16640625 0.43984375 0.1203125 0.234375
1 0.240625 0.1390625 0.20625 0.278125
1 0.503125 0.18125 0.128125 0.3625
1 0.91796875 0.028125 0.1640625 0.05625
1 0.94921875 0.1078125 0.1015625 0.146875