5 0.13125 0.56015625 0.209375 0.4015625
5 0.2828125 0.70703125 0.0984375 0.14921875
5 0.36640625 0.725 0.07421875 0.1515625
5 0.4359375 0.62734375 0.11328125 0.26953125
5 0.5140625 0.69921875 0.071875 0.18984375
5 0.33671875 0.525 0.16328125 0.396875
5 0.61640625 0.7359375 0.071875 0.115625
5 0.603125 0.61171875 0.0984375 0.2671875
5 0.540625 0.4671875 0.14453125 0.46171875
5 0.7171875 0.6390625 0.0890625 0.2140625
5 0.875 0.615625 0.2046875 0.2359375
5 0.8140625 0.7390625 0.10546875 0.0984375
5 0.7171875 0.50859375 0.12734375 0.37265625