5 0.38671875 0.7859375 0.0484375 0.15859375
5 0.3296875 0.7953125 0.021875 0.11328125
5 0.24296875 0.79921875 0.02421875 0.10546875
5 0.2125 0.803125 0.03359375 0.10546875
5 0.17421875 0.79296875 0.03125 0.103125
5 0.6390625 0.52265625 0.12265625 0.14921875
5 0.4625 0.7796875 0.05546875 0.18046875
5 0.5109375 0.7796875 0.0453125 0.19921875
5 0.59609375 0.76328125 0.0625 0.25703125
5 0.665625 0.76328125 0.06953125 0.25
5 0.640625 0.92890625 0.10546875 0.08671875
5 0.509375 0.95078125 0.03125 0.053125
5 0.44375 0.9546875 0.03125 0.0484375
5 0.4 0.2234375 0.13203125 0.13203125
5 0.475 0.05625 0.15625 0.103125