4 0.50625 0.82734375 0.078125 0.10625
4 0.43359375 0.78984375 0.0890625 0.121875
4 0.57578125 0.78125 0.090625 0.1234375
4 0.36484375 0.7234375 0.0953125 0.121875
4 0.5 0.72734375 0.0796875 0.10625
4 0.4390625 0.678125 0.08125 0.103125
4 0.496875 0.62734375 0.078125 0.103125
4 0.56015625 0.67109375 0.0890625 0.1078125
4 0.64375 0.71328125 0.1015625 0.13125
4 0.7078125 0.6078125 0.090625 0.1390625
4 0.7828125 0.69609375 0.0828125 0.11875
4 0.775 0.46015625 0.09375 0.140625
4 0.85078125 0.30703125 0.09375 0.1390625
4 0.93359375 0.3859375 0.0828125 0.1203125
4 0.85703125 0.55 0.084375 0.115625
4 0.0515625 0.39765625 0.0796875 0.11875
4 0.13828125 0.29609375 0.0953125 0.1375
4 0.21328125 0.46171875 0.0953125 0.1375
4 0.12578125 0.54921875 0.0796875 0.1140625
4 0.2109375 0.69453125 0.0796875 0.1171875
4 0.28359375 0.60234375 0.09375 0.1359375
1 0.30703125 0.38203125 0.2546875 0.484375
1 0.39375 0.33515625 0.1703125 0.534375
1 0.4859375 0.3078125 0.084375 0.55
1 0.59765625 0.32421875 0.153125 0.540625
1 0.68515625 0.38359375 0.25 0.496875