5 0.24140625 0.4953125 0.21640625 0.303125
5 0.225 0.64921875 0.2984375 0.53359375
5 0.1203125 0.25390625 0.2359375 0.17578125
5 0.5203125 0.13828125 0.17578125 0.12734375
5 0.61875 0.12109375 0.16328125 0.12265625
5 0.74140625 0.1453125 0.12734375 0.14453125
5 0.78828125 0.36640625 0.12734375 0.259375
5 0.86171875 0.35 0.125 0.26171875
5 0.94921875 0.328125 0.0984375 0.2671875
5 0.81875 0.78125 0.3609375 0.39921875
5 0.89453125 0.8453125 0.209375 0.2546875
5 0.953125 0.8953125 0.09140625 0.103125
5 0.5984375 0.75234375 0.1390625 0.3296875
5 0.56484375 0.4703125 0.15390625 0.2234375
5 0.63359375 0.4375 0.1203125 0.19453125
5 0.69609375 0.43359375 0.103125 0.1734375
5 0.484375 0.69140625 0.13203125 0.1875
5 0.3765625 0.60703125 0.31484375 0.7046875
5 0.41328125 0.2921875 0.07421875 0.11328125
5 0.49765625 0.259375 0.240625 0.0578125
5 0.72578125 0.671875 0.05546875 0.0265625
5 0.70546875 0.6 0.05078125 0.0359375