3 0.1328125 0.57890625 0.1921875 0.2671875
3 0.23046875 0.48046875 0.115625 0.221875
3 0.31875 0.415625 0.140625 0.240625
3 0.50234375 0.315625 0.2671875 0.415625
3 0.87421875 0.51796875 0.1875 0.296875
3 0.71640625 0.3984375 0.1578125 0.2640625
3 0.62734375 0.48046875 0.09375 0.121875
3 0.303125 0.6 0.0828125 0.0734375
3 0.4140625 0.59609375 0.1140625 0.153125
3 0.5671875 0.6328125 0.1375 0.1171875
3 0.79609375 0.765625 0.1921875 0.2828125
3 0.46015625 0.81015625 0.1015625 0.1421875
3 0.6015625 0.76796875 0.1 0.1546875
3 0.65859375 0.6953125 0.078125 0.1125