0 0.3296875 0.46015625 0.15625 0.2453125
0 0.51796875 0.36875 0.2484375 0.3765625
0 0.703125 0.4671875 0.146875 0.234375
0 0.8046875 0.51953125 0.1375 0.2171875
0 0.90625 0.5859375 0.1234375 0.1859375
0 0.7375 0.68359375 0.0859375 0.1171875
0 0.6390625 0.6796875 0.0671875 0.11875
0 0.5421875 0.671875 0.0859375 0.1328125
0 0.4265625 0.671875 0.0921875 0.1359375
0 0.20234375 0.69296875 0.0953125 0.1109375
0 0.084375 0.80546875 0.09375 0.075
0 0.309375 0.69140625 0.0828125 0.1109375
0 0.2546875 0.80703125 0.0734375 0.06875
0 0.184375 0.80234375 0.0640625 0.078125
0 0.36875 0.803125 0.1390625 0.0828125
0 0.521875 0.8046875 0.1328125 0.0859375
0 0.86640625 0.80078125 0.1640625 0.08125
0 0.6875 0.80390625 0.1640625 0.078125