0 0.121875 0.1359375 0.146875 0.2359375
0 0.3703125 0.15234375 0.103125 0.2015625
0 0.62109375 0.13671875 0.153125 0.1859375
0 0.85625 0.13671875 0.1515625 0.21875
0 0.078125 0.51015625 0.078125 0.1109375
0 0.14140625 0.46171875 0.1453125 0.19375
0 0.81328125 0.49453125 0.071875 0.1171875
0 0.85078125 0.4625 0.0859375 0.140625
0 0.91875 0.5078125 0.0625 0.10625
0 0.8984375 0.41796875 0.090625 0.11875
0 0.09765625 0.8109375 0.109375 0.16875
0 0.16875 0.790625 0.121875 0.2078125
0 0.38515625 0.8 0.1703125 0.2078125
0 0.621875 0.83203125 0.059375 0.0671875
0 0.38046875 0.47265625 0.134375 0.228125