5 0.084375 0.5828125 0.07421875 0.25
5 0.171875 0.55078125 0.06484375 0.33203125
5 0.23828125 0.56015625 0.06484375 0.33671875
5 0.303125 0.56953125 0.07421875 0.34140625
5 0.39765625 0.42421875 0.11328125 0.64453125
5 0.5015625 0.43359375 0.1078125 0.6515625
5 0.59140625 0.65859375 0.03828125 0.2453125
5 0.63125 0.6625 0.04296875 0.25
5 0.6703125 0.6671875 0.03828125 0.240625
5 0.83671875 0.59375 0.0765625 0.28359375
5 0.88828125 0.59140625 0.0359375 0.34140625
5 0.9265625 0.678125 0.04296875 0.21640625