0 0.1359375 0.27265625 0.18046875 0.115625
0 0.19453125 0.19375 0.17578125 0.15859375
0 0.478125 0.27265625 0.1828125 0.10546875
0 0.5375 0.1875 0.18046875 0.15390625
0 0.7640625 0.240625 0.15390625 0.13203125
0 0.91015625 0.22578125 0.1515625 0.14921875
0 0.12734375 0.57109375 0.18046875 0.115625
0 0.22109375 0.49375 0.18515625 0.15390625
0 0.5015625 0.4953125 0.18046875 0.165625
0 0.48671875 0.5796875 0.19453125 0.11796875
0 0.8328125 0.57421875 0.21875 0.12734375
0 0.834375 0.49140625 0.16328125 0.1390625
0 0.17421875 0.7953125 0.209375 0.1734375
0 0.51171875 0.85 0.2015625 0.17578125
0 0.47734375 0.7640625 0.196875 0.115625
0 0.88125 0.83671875 0.196875 0.1703125
0 0.82109375 0.83671875 0.1828125 0.14453125