4 0.1390625 0.51953125 0.103125 0.13203125
4 0.27890625 0.50859375 0.1109375 0.13203125
4 0.3734375 0.49375 0.071875 0.134375
4 0.4703125 0.41015625 0.071875 0.146875
4 0.48828125 0.5765625 0.071875 0.15390625
4 0.60078125 0.41953125 0.11796875 0.1515625
4 0.73203125 0.484375 0.1078125 0.13671875
4 0.8171875 0.3265625 0.12265625 0.1515625
4 0.2015625 0.334375 0.0578125 0.08203125
4 0.3125 0.33046875 0.05546875 0.07421875
4 0.4265625 0.3171875 0.07421875 0.09140625
4 0.5671875 0.3015625 0.06015625 0.0796875
4 0.6734375 0.29921875 0.06015625 0.084375
4 0.4 0.14765625 0.0578125 0.071875
4 0.49296875 0.13203125 0.071875 0.10546875
4 0.584375 0.13203125 0.06953125 0.10078125
4 0.6765625 0.12734375 0.071875 0.10546875
4 0.7796875 0.125 0.09375 0.1203125
4 0.90625 0.13359375 0.103125 0.1390625
4 0.178125 0.69609375 0.125 0.1515625
4 0.09140625 0.8453125 0.103125 0.13671875
4 0.23046875 0.85 0.09609375 0.12734375
4 0.33046875 0.709375 0.09375 0.125
4 0.34375 0.86796875 0.0671875 0.0890625
4 0.41953125 0.86328125 0.0671875 0.08671875
4 0.61796875 0.7140625 0.09375 0.11796875
4 0.7171875 0.64453125 0.0578125 0.13203125
4 0.80625 0.65390625 0.09609375 0.125
4 0.91953125 0.65859375 0.07421875 0.11796875
4 0.9328125 0.49609375 0.13203125 0.2328125
4 0.9625 0.8640625 0.06953125 0.09609375
4 0.83203125 0.83046875 0.1203125 0.16328125
4 0.696875 0.84609375 0.12265625 0.16328125
4 0.54921875 0.84609375 0.1203125 0.165625