3 0.725 0.159375 0.0828125 0.0921875
3 0.6484375 0.1875 0.0890625 0.090625
3 0.74921875 0.24609375 0.0734375 0.08125
3 0.68984375 0.2546875 0.0671875 0.0921875
3 0.82734375 0.34140625 0.0828125 0.084375
3 0.7453125 0.34609375 0.0828125 0.0609375
3 0.62109375 0.33984375 0.0859375 0.0859375
3 0.38984375 0.2640625 0.0890625 0.0875
3 0.190625 0.31328125 0.0921875 0.096875
3 0.3046875 0.390625 0.0890625 0.0890625
3 0.3546875 0.325 0.0890625 0.0890625
3 0.4578125 0.3296875 0.0828125 0.0875
3 0.6890625 0.409375 0.0765625 0.0859375
3 0.75390625 0.42734375 0.0703125 0.0859375
3 0.51796875 0.3609375 0.0828125 0.0921875
3 0.3953125 0.40703125 0.0859375 0.075
3 0.1890625 0.4765625 0.0890625 0.0890625
3 0.27578125 0.4703125 0.0875 0.0921875
3 0.415625 0.93671875 0.0890625 0.096875
3 0.2203125 0.775 0.0859375 0.09375
3 0.1859375 0.5640625 0.090625 0.0875
3 0.3984375 0.47578125 0.0859375 0.0890625
3 0.46875 0.55625 0.0765625 0.0875
3 0.325 0.56640625 0.0890625 0.0921875
3 0.4015625 0.603125 0.0890625 0.0859375
3 0.534375 0.434375 0.08125 0.0859375
3 0.5203125 0.63671875 0.0859375 0.065625
3 0.2484375 0.625 0.0921875 0.0921875
3 0.59921875 0.5625 0.084375 0.0859375
3 0.40625 0.8046875 0.078125 0.0890625
3 0.440625 0.75859375 0.053125 0.0734375
3 0.284375 0.74296875 0.075 0.09375
3 0.5875 0.446875 0.0671875 0.0859375
3 0.7578125 0.59765625 0.071875 0.08125
3 0.7921875 0.5078125 0.06875 0.084375
3 0.6796875 0.52421875 0.05625 0.0890625
3 0.621875 0.50625 0.065625 0.0859375
3 0.68984375 0.65625 0.0671875 0.0859375
3 0.5875 0.67578125 0.0828125 0.084375
3 0.61328125 0.77109375 0.078125 0.0828125
3 0.51640625 0.7984375 0.0859375 0.0703125