5 0.15859375 0.47109375 0.30078125 0.459375
5 0.2453125 0.5296875 0.3125 0.446875
5 0.1625 0.13203125 0.09140625 0.2359375
5 0.28359375 0.1578125 0.0765625 0.19921875
5 0.40859375 0.1734375 0.0765625 0.1921875
5 0.49765625 0.16953125 0.07421875 0.19453125
5 0.58515625 0.17421875 0.084375 0.19453125
5 0.68359375 0.18515625 0.07421875 0.19921875
5 0.78359375 0.18515625 0.08203125 0.19921875
5 0.9046875 0.1734375 0.10078125 0.23046875
5 0.87734375 0.35546875 0.1734375 0.15390625
5 0.61171875 0.35546875 0.32421875 0.11328125
5 0.59765625 0.46875 0.3265625 0.1203125
5 0.43515625 0.56640625 0.06953125 0.11796875
5 0.5609375 0.60078125 0.0671875 0.11328125
5 0.71875 0.58515625 0.0765625 0.11328125
5 0.68984375 0.70546875 0.0484375 0.0984375
5 0.6109375 0.69453125 0.040625 0.09375
5 0.546875 0.6984375 0.04296875 0.09140625
5 0.4859375 0.71484375 0.0484375 0.0890625
5 0.39296875 0.6890625 0.04296875 0.09609375
5 0.234375 0.87734375 0.03359375 0.2234375
5 0.29453125 0.8765625 0.021875 0.2140625
5 0.3390625 0.88203125 0.0265625 0.2140625
5 0.40859375 0.91328125 0.06015625 0.09140625
5 0.4640625 0.9015625 0.03125 0.12265625
5 0.6890625 0.9078125 0.02890625 0.09609375
5 0.72578125 0.90625 0.0359375 0.103125
5 0.8765625 0.703125 0.06484375 0.509375
5 0.94375 0.709375 0.07421875 0.49765625