1 0.21171875 0.321875 0.053125 0.103125
1 0.1359375 0.321875 0.0453125 0.08203125
1 0.4234375 0.296875 0.05078125 0.14921875
1 0.47265625 0.2953125 0.0453125 0.146875
1 0.11171875 0.5046875 0.03828125 0.06015625
1 0.46015625 0.46875 0.0796875 0.06015625
1 0.5765625 0.5203125 0.05078125 0.053125
1 0.74609375 0.50390625 0.03359375 0.07421875
1 0.85 0.49140625 0.03125 0.09609375
1 0.65859375 0.46015625 0.09140625 0.0765625
1 0.74140625 0.3453125 0.04296875 0.0625
1 0.20703125 0.49609375 0.03125 0.0671875
1 0.2671875 0.3015625 0.04296875 0.09375
1 0.3171875 0.33984375 0.0578125 0.1078125
1 0.365625 0.30078125 0.053125 0.10546875
1 0.52734375 0.3296875 0.04296875 0.06953125
1 0.65234375 0.35234375 0.05546875 0.06953125
1 0.3234375 0.49609375 0.02421875 0.08203125