5 0.27734375 0.16328125 0.41796875 0.10078125
5 0.64921875 0.16953125 0.2640625 0.09375
5 0.275 0.2921875 0.29296875 0.06953125
5 0.63359375 0.2921875 0.25234375 0.06953125
5 0.8578125 0.30078125 0.09609375 0.1296875
5 0.77890625 0.396875 0.0671875 0.0984375
5 0.8734375 0.41953125 0.09140625 0.1390625
5 0.78359375 0.48828125 0.08203125 0.08203125
5 0.875 0.55625 0.09609375 0.1109375
5 0.7921875 0.58984375 0.0578125 0.0796875
5 0.7234375 0.5609375 0.0625 0.05546875
5 0.50390625 0.5953125 0.25703125 0.03828125
5 0.49765625 0.4 0.4515625 0.071875
5 0.22109375 0.43984375 0.103125 0.14453125
5 0.1 0.4046875 0.11796875 0.14453125
5 0.0921875 0.55625 0.0890625 0.11328125
5 0.20703125 0.58515625 0.0984375 0.1109375
5 0.31015625 0.6078125 0.084375 0.09609375
5 0.1140625 0.69609375 0.0578125 0.06953125
5 0.209375 0.69375 0.05546875 0.0796875
5 0.2015625 0.80078125 0.06015625 0.071875
5 0.103125 0.803125 0.0671875 0.08203125
5 0.509375 0.6625 0.21875 0.07421875
5 0.45546875 0.7453125 0.1390625 0.071875
5 0.45078125 0.81640625 0.0578125 0.04296875
5 0.34765625 0.8171875 0.071875 0.05546875
5 0.30625 0.76328125 0.040625 0.05078125
5 0.5515625 0.8171875 0.07421875 0.05546875
5 0.66328125 0.7078125 0.04296875 0.14921875
5 0.5765625 0.74765625 0.07421875 0.05078125
5 0.69609375 0.80625 0.03828125 0.08203125
5 0.725 0.7140625 0.03359375 0.09375
5 0.7859375 0.71171875 0.040625 0.134375
5 0.78359375 0.80625 0.03828125 0.084375
5 0.8421875 0.7078125 0.0359375 0.1109375
5 0.9 0.7015625 0.03828125 0.12734375
5 0.8734375 0.8078125 0.05078125 0.08671875