0 0.1546875 0.15234375 0.04375 0.0515625
0 0.0859375 0.078125 0.0453125 0.0515625
0 0.30234375 0.1203125 0.175 0.2015625
0 0.45390625 0.05078125 0.0515625 0.0625
0 0.7046875 0.09140625 0.0515625 0.0671875
0 0.840625 0.16796875 0.075 0.096875
0 0.1875 0.7203125 0.0921875 0.1125
0 0.20859375 0.575 0.05 0.0703125
0 0.34921875 0.4578125 0.0765625 0.0953125
0 0.496875 0.45859375 0.0421875 0.05625
0 0.5875 0.403125 0.046875 0.0625
0 0.75859375 0.28671875 0.040625 0.059375
0 0.85390625 0.3625 0.0421875 0.059375
0 0.66640625 0.4015625 0.04375 0.0671875
0 0.49765625 0.20703125 0.1484375 0.1921875
0 0.62421875 0.2609375 0.125 0.1515625
0 0.171875 0.36328125 0.1796875 0.2234375
0 0.6328125 0.50703125 0.0546875 0.0625
0 0.79453125 0.471875 0.0640625 0.08125
0 0.6234375 0.5953125 0.0359375 0.0484375
0 0.68828125 0.590625 0.04375 0.0578125
0 0.79296875 0.57890625 0.046875 0.0671875
0 0.84375 0.6875 0.0734375 0.08125
0 0.653125 0.66328125 0.04375 0.0578125
0 0.73359375 0.690625 0.046875 0.0578125
0 0.59140625 0.690625 0.0578125 0.071875
0 0.57734375 0.76484375 0.0703125 0.075
0 0.66328125 0.73125 0.05 0.0546875
0 0.7484375 0.796875 0.0578125 0.0625
0 0.321875 0.715625 0.0703125 0.08125
0 0.35859375 0.909375 0.053125 0.078125
0 0.41953125 0.85546875 0.0640625 0.0765625
0 0.478125 0.746875 0.05 0.0515625
0 0.51328125 0.8046875 0.0578125 0.0703125
0 0.46796875 0.6234375 0.18125 0.2078125
0 0.68125 0.909375 0.0703125 0.078125
0 0.53203125 0.89609375 0.090625 0.1125
0 0.59921875 0.85390625 0.0484375 0.05625
0 0.6390625 0.81015625 0.0578125 0.0703125
0 0.6859375 0.8375 0.0546875 0.059375
0 0.3109375 0.29453125 0.028125 0.040625
0 0.1390625 0.86171875 0.03125 0.0453125
0 0.821875 0.88671875 0.0515625 0.0484375