2 0.22109375 0.37265625 0.084375 0.1078125
2 0.31015625 0.37109375 0.0765625 0.10078125
2 0.39296875 0.3765625 0.084375 0.0984375
2 0.4796875 0.3765625 0.0765625 0.103125
2 0.57109375 0.38359375 0.084375 0.09609375
2 0.66796875 0.3796875 0.084375 0.09375
2 0.084375 0.509375 0.125 0.134375
2 0.21015625 0.5046875 0.12734375 0.14453125
2 0.33671875 0.5046875 0.1296875 0.1390625
2 0.478125 0.50703125 0.13203125 0.1421875
2 0.634375 0.5171875 0.13203125 0.1515625
2 0.77890625 0.509375 0.134375 0.15390625