0 0.0296875 0.18515625 0.059375 0.2625
0 0.0609375 0.15078125 0.121875 0.3015625
0 0.028125 0.4921875 0.05625 0.2765625
0 0.028125 0.87421875 0.05625 0.1609375
0 0.728125 0.690625 0.21875 0.31875
1 0.11015625 0.709375 0.1078125 0.2140625
1 0.1890625 0.61328125 0.078125 0.2609375
1 0.440625 0.42421875 0.109375 0.14375
1 0.94609375 0.38515625 0.10625 0.1515625
1 0.721875 0.1359375 0.0828125 0.2015625
1 0.36328125 0.65234375 0.09375 0.2171875
1 0.528125 0.47421875 0.1375 0.121875
1 0.221875 0.20078125 0.115625 0.203125
1 0.5515625 0.56015625 0.13125 0.103125
1 0.71953125 0.44375 0.1234375 0.096875
1 0.6171875 0.8984375 0.059375 0.1125
3 0.62890625 0.20625 0.153125 0.184375
3 0.59140625 0.38046875 0.1359375 0.209375
3 0.315625 0.43125 0.159375 0.2328125
3 0.74921875 0.32734375 0.153125 0.2296875
3 0.42578125 0.596875 0.1578125 0.234375
3 0.83046875 0.08828125 0.1578125 0.1765625
0 0.97109375 0.2015625 0.0578125 0.246875
3 0.92265625 0.565625 0.153125 0.221875
3 0.7046875 0.89453125 0.1515625 0.1203125
3 0.26953125 0.6265625 0.1578125 0.228125
3 0.2671875 0.8625 0.153125 0.184375
3 0.4609375 0.2109375 0.153125 0.2203125
1 0.4390625 0.3140625 0.1828125 0.1296875
1 0.3125 0.121875 0.1390625 0.2265625
1 0.38515625 0.14296875 0.134375 0.2453125