5 0.28984375 0.4984375 0.5265625 0.13203125
5 0.37734375 0.2875 0.3890625 0.2953125
5 0.6109375 0.2953125 0.08203125 0.23828125
5 0.74765625 0.3421875 0.18515625 0.2234375
5 0.821875 0.4546875 0.2359375 0.09609375
5 0.8328125 0.5421875 0.25234375 0.103125
5 0.7828125 0.5875 0.25703125 0.15625
5 0.38125 0.5984375 0.353125 0.19921875
5 0.48046875 0.65625 0.259375 0.3125
5 0.60546875 0.6140625 0.04296875 0.0765625
5 0.75625 0.7921875 0.06953125 0.071875
5 0.76328125 0.71171875 0.03359375 0.08203125
5 0.69921875 0.62109375 0.03828125 0.084375
5 0.63671875 0.56640625 0.03828125 0.06953125
5 0.66953125 0.61640625 0.021875 0.071875
5 0.6390625 0.74609375 0.04296875 0.0796875
5 0.68125 0.7359375 0.0484375 0.08203125
5 0.71171875 0.70078125 0.06015625 0.06953125
5 0.72265625 0.61171875 0.0453125 0.06953125