4 0.403125 0.0515625 0.0578125 0.0703125
4 0.40703125 0.415625 0.0328125 0.0859375
4 0.17265625 0.35859375 0.040625 0.1109375
4 0.45859375 0.5734375 0.08125 0.121875
4 0.63203125 0.76796875 0.115625 0.1515625
4 0.62578125 0.653125 0.0828125 0.090625
4 0.5265625 0.6375 0.0625 0.0796875
1 0.2015625 0.35546875 0.10625 0.109375
1 0.43203125 0.35546875 0.0921875 0.084375
1 0.47265625 0.73515625 0.1890625 0.1375
1 0.73046875 0.66875 0.0859375 0.2109375
1 0.6734375 0.584375 0.0578125 0.1375
1 0.55625 0.584375 0.1109375 0.1953125
1 0.48515625 0.540625 0.1234375 0.1625
1 0.5203125 0.346875 0.10625 0.1
1 0.5375 0.41875 0.3296875 0.0859375
1 0.7984375 0.11640625 0.0640625 0.115625
1 0.73515625 0.08671875 0.2234375 0.0921875