5 0.11328125 0.521875 0.1109375 0.63671875
5 0.240625 0.521875 0.1109375 0.6296875
5 0.415625 0.28515625 0.0796875 0.19453125
5 0.3765625 0.58046875 0.09140625 0.47109375
5 0.47734375 0.63203125 0.09140625 0.3484375
5 0.50390625 0.3171875 0.0984375 0.1828125
5 0.58046875 0.3765625 0.10546875 0.165625
5 0.58046875 0.62734375 0.09375 0.2984375
5 0.6859375 0.646875 0.084375 0.33203125
5 0.77265625 0.6703125 0.05078125 0.22578125
5 0.8640625 0.66796875 0.0578125 0.19453125
5 0.740625 0.3484375 0.0796875 0.34375
5 0.84765625 0.353125 0.09609375 0.40390625