3 0.45 0.28984375 0.1390625 0.3
3 0.5546875 0.371875 0.1453125 0.28125
1 0.73671875 0.3625 0.01875 0.046875
1 0.68203125 0.65 0.021875 0.0484375
1 0.73671875 0.55703125 0.01875 0.046875
1 0.596875 0.63046875 0.0203125 0.0421875
1 0.59765625 0.709375 0.0203125 0.0390625
1 0.659375 0.71171875 0.0203125 0.0421875
1 0.61171875 0.753125 0.0203125 0.040625
1 0.66015625 0.19921875 0.0203125 0.0375
1 0.684375 0.19921875 0.0234375 0.040625
1 0.63515625 0.75390625 0.0203125 0.0421875
1 0.696875 0.24375 0.0203125 0.040625