4 0.0671875 0.5671875 0.134375 0.3390625
4 0.56796875 0.8796875 0.078125 0.134375
4 0.70859375 0.81796875 0.1140625 0.1921875
4 0.74296875 0.36328125 0.09375 0.14375
4 0.67578125 0.3828125 0.046875 0.1328125
4 0.64296875 0.43984375 0.0828125 0.125
4 0.703125 0.52109375 0.0921875 0.10625
4 0.2984375 0.1703125 0.1859375 0.271875
4 0.34609375 0.75546875 0.109375 0.178125
4 0.984375 0.58203125 0.03125 0.196875
1 0.06328125 0.31015625 0.1265625 0.2171875
1 0.1359375 0.178125 0.1140625 0.2828125
1 0.240625 0.80234375 0.14375 0.2203125
1 0.4890625 0.690625 0.15625 0.2109375
1 0.56796875 0.64140625 0.175 0.421875
1 0.81171875 0.8 0.1515625 0.2703125
1 0.915625 0.70625 0.1109375 0.2859375
1 0.67734375 0.1640625 0.1203125 0.328125
1 0.5234375 0.353125 0.1734375 0.2484375
1 0.8859375 0.321875 0.1953125 0.2
1 0.85 0.45 0.146875 0.1515625
1 0.959375 0.43828125 0.08125 0.16875
1 0.70703125 0.634375 0.15625 0.2265625
1 0.7953125 0.565625 0.1953125 0.34375
1 0.79375 0.15625 0.121875 0.28125
1 0.9015625 0.19296875 0.0890625 0.1875