4 0.44296875 0.3546875 0.203125 0.240625
4 0.653125 0.3546875 0.203125 0.25
4 0.834375 0.27890625 0.2015625 0.2765625
4 0.1703125 0.5625 0.075 0.0953125
4 0.6 0.534375 0.0734375 0.0921875
4 0.55390625 0.48046875 0.0640625 0.090625
4 0.125 0.47890625 0.0765625 0.0984375
1 0.140625 0.65390625 0.21875 0.3484375
1 0.24296875 0.40703125 0.125 0.446875
1 0.49609375 0.68515625 0.459375 0.35625
1 0.54921875 0.58828125 0.3609375 0.2984375
1 0.7 0.38359375 0.1265625 0.4359375
1 0.8296875 0.58203125 0.1453125 0.490625
4 0.39296875 0.09453125 0.14375 0.1890625