3 0.0875 0.4515625 0.1640625 0.2265625
3 0.2203125 0.26171875 0.2625 0.284375
3 0.46796875 0.1703125 0.128125 0.2640625
3 0.9546875 0.39453125 0.090625 0.1640625
3 0.71484375 0.38828125 0.403125 0.3109375
3 0.05 0.709375 0.1 0.2546875
3 0.14140625 0.91328125 0.1859375 0.1734375
3 0.3375 0.65625 0.4671875 0.4234375
3 0.934375 0.56875 0.13125 0.2390625
3 0.853125 0.6390625 0.18125 0.240625
3 0.69296875 0.6390625 0.2890625 0.3125
3 0.58984375 0.8484375 0.2703125 0.2796875
3 0.43671875 0.9015625 0.2515625 0.196875