5 0.35234375 0.50390625 0.146875 0.58203125
5 0.48203125 0.53828125 0.11328125 0.2765625
5 0.4265625 0.72109375 0.08671875 0.18984375
5 0.50390625 0.75234375 0.071875 0.14453125
5 0.5921875 0.62109375 0.0890625 0.22578125
5 0.58046875 0.7140625 0.07421875 0.15859375
5 0.65859375 0.6078125 0.06484375 0.303125
5 0.71484375 0.65390625 0.06484375 0.30078125
5 0.6859375 0.8015625 0.10546875 0.11796875
5 0.615625 0.8296875 0.18515625 0.11328125
5 0.52890625 0.86171875 0.1421875 0.1078125
5 0.39765625 0.88203125 0.07421875 0.16796875
5 0.3796875 0.803125 0.18515625 0.134375