5 0.14296875 0.3640625 0.14453125 0.46640625
5 0.13671875 0.7484375 0.12265625 0.26171875
5 0.28828125 0.53828125 0.12734375 0.290625
5 0.39921875 0.57578125 0.0984375 0.2953125
5 0.359375 0.83046875 0.13203125 0.2234375
5 0.5046875 0.7703125 0.09609375 0.146875
5 0.5 0.4015625 0.11796875 0.5453125
5 0.62265625 0.78984375 0.09609375 0.2453125
5 0.72265625 0.5171875 0.18984375 0.37265625
5 0.78125 0.771875 0.13671875 0.3609375
5 0.91484375 0.6765625 0.12734375 0.33203125
5 0.91328125 0.375 0.1390625 0.2140625