3 0.16640625 0.5453125 0.196875 0.240625
3 0.72265625 0.35625 0.21875 0.2734375
3 0.265625 0.1625 0.1703125 0.2109375
3 0.27890625 0.31484375 0.1546875 0.115625
3 0.40625 0.63671875 0.184375 0.246875
3 0.40390625 0.78359375 0.1640625 0.1125
3 0.284375 0.3984375 0.15 0.103125
3 0.29140625 0.4828125 0.1328125 0.096875
3 0.4265625 0.1734375 0.1609375 0.2140625
3 0.4203125 0.3109375 0.153125 0.1234375
3 0.66796875 0.49765625 0.24375 0.34375
3 0.496875 0.54765625 0.109375 0.2890625
3 0.59609375 0.6671875 0.165625 0.215625
3 0.5765625 0.78984375 0.1453125 0.1171875
3 0.76015625 0.6734375 0.18125 0.215625
3 0.72265625 0.7796875 0.1390625 0.1234375
3 0.4203125 0.4109375 0.125 0.1015625
3 0.40546875 0.4921875 0.096875 0.0875
3 0.1765625 0.75625 0.221875 0.284375