4 0.290625 0.3484375 0.1265625 0.171875
4 0.64765625 0.2484375 0.125 0.171875
4 0.375 0.35390625 0.125 0.1796875
4 0.50703125 0.32734375 0.1234375 0.1625
4 0.7015625 0.39921875 0.1296875 0.1625
4 0.7515625 0.52890625 0.134375 0.159375
4 0.23828125 0.49765625 0.13125 0.1625
4 0.36640625 0.51953125 0.1234375 0.1625
4 0.6078125 0.4703125 0.10625 0.1765625
4 0.53671875 0.4296875 0.125 0.171875
4 0.4796875 0.48828125 0.11875 0.1625
4 0.2984375 0.64140625 0.1265625 0.159375
4 0.34921875 0.71640625 0.1265625 0.171875
4 0.48984375 0.6203125 0.128125 0.128125
4 0.63671875 0.6390625 0.1296875 0.1453125
4 0.46796875 0.73984375 0.11875 0.15625
4 0.5890625 0.7171875 0.128125 0.1671875
4 0.6765625 0.78671875 0.1203125 0.1578125
4 0.44453125 0.88046875 0.121875 0.1765625
4 0.56015625 0.865625 0.1203125 0.1671875