3 0.2296875 0.20546875 0.396875 0.35546875
3 0.2703125 0.5109375 0.38203125 0.34140625
3 0.50234375 0.51796875 0.0796875 0.07421875
3 0.49296875 0.58671875 0.09140625 0.09140625
3 0.51328125 0.68125 0.09140625 0.0890625
3 0.58515625 0.57109375 0.09375 0.08203125
3 0.70546875 0.57578125 0.09140625 0.084375
3 0.7296875 0.703125 0.09140625 0.084375
3 0.7390625 0.775 0.0984375 0.09375
3 0.65 0.76953125 0.0984375 0.10078125
3 0.52265625 0.7703125 0.09140625 0.084375
3 0.4484375 0.76171875 0.0796875 0.09140625
3 0.66015625 0.64765625 0.09609375 0.05546875