3 0.18359375 0.2625 0.3375 0.478125
3 0.37109375 0.31015625 0.3203125 0.4109375
3 0.7140625 0.32734375 0.3203125 0.4140625
3 0.13828125 0.43125 0.2078125 0.2421875
3 0.09140625 0.60703125 0.15 0.1890625
3 0.2078125 0.60546875 0.1046875 0.1515625
3 0.29453125 0.72421875 0.0921875 0.1234375
3 0.209375 0.734375 0.10625 0.1375
3 0.46015625 0.77734375 0.1 0.121875
3 0.546875 0.765625 0.090625 0.1296875
3 0.6359375 0.709375 0.075 0.1171875
3 0.4171875 0.49453125 0.1890625 0.3125
3 0.43125 0.6828125 0.0625 0.1015625
3 0.484375 0.66171875 0.06875 0.10625
3 0.88046875 0.459375 0.1890625 0.2109375
3 0.73515625 0.69375 0.146875 0.14375
3 0.80234375 0.5828125 0.1296875 0.1875
3 0.92265625 0.62578125 0.1484375 0.2015625
3 0.5953125 0.4953125 0.2203125 0.3015625