3 0.15 0.72109375 0.1171875 0.115625
3 0.04140625 0.75 0.0828125 0.1
3 0.09453125 0.84609375 0.1078125 0.1125
3 0.18828125 0.896875 0.071875 0.1234375
3 0.2296875 0.80390625 0.1140625 0.078125
3 0.2875 0.88203125 0.0515625 0.13125
3 0.36796875 0.8890625 0.06875 0.1234375
3 0.43671875 0.86171875 0.0703125 0.140625
3 0.5453125 0.80703125 0.115625 0.1265625
3 0.57734375 0.90625 0.1140625 0.09375
3 0.69921875 0.89921875 0.1125 0.103125
3 0.709375 0.78984375 0.121875 0.0859375
3 0.83671875 0.79921875 0.1 0.1
3 0.79375 0.8953125 0.0796875 0.115625
3 0.9546875 0.859375 0.0875 0.140625
3 0.878125 0.90625 0.1109375 0.1046875
3 0.928125 0.72890625 0.121875 0.115625
3 0.96328125 0.55234375 0.0734375 0.059375
3 0.97890625 0.64453125 0.0421875 0.09375
3 0.94921875 0.4796875 0.0890625 0.078125
3 0.984375 0.41953125 0.03125 0.1171875
3 0.934375 0.3453125 0.090625 0.1
3 0.925 0.25546875 0.084375 0.0796875
3 0.984375 0.24140625 0.03125 0.1
3 0.9765625 0.06328125 0.046875 0.0515625
3 0.9203125 0.18359375 0.0890625 0.0671875
3 0.91328125 0.115625 0.071875 0.0859375
3 0.896875 0.0359375 0.078125 0.0671875
3 0.80390625 0.11015625 0.0796875 0.065625
3 0.81640625 0.05390625 0.0640625 0.0484375
3 0.7234375 0.02890625 0.06875 0.0578125
3 0.68671875 0.08359375 0.0828125 0.065625
3 0.60625 0.08984375 0.0546875 0.084375
3 0.6203125 0.02421875 0.0734375 0.04375
3 0.53828125 0.0671875 0.0703125 0.08125
3 0.47734375 0.03828125 0.0578125 0.0765625
3 0.42109375 0.103125 0.0609375 0.0984375
3 0.3703125 0.04140625 0.0828125 0.0734375
3 0.31953125 0.1125 0.0484375 0.103125
3 0.290625 0.0375 0.0390625 0.075
3 0.2484375 0.07265625 0.0796875 0.0703125
3 0.2515625 0.1546875 0.0828125 0.0671875
3 0.175 0.11015625 0.071875 0.0921875
3 0.165625 0.03515625 0.071875 0.065625
3 0.053125 0.059375 0.065625 0.0921875
3 0.096875 0.1046875 0.071875 0.0703125
3 0.021875 0.15546875 0.04375 0.0859375
3 0.09921875 0.1796875 0.08125 0.08125
3 0.0875 0.24140625 0.05 0.1171875
3 0.084375 0.62265625 0.109375 0.10625
3 0.06328125 0.5234375 0.09375 0.103125
3 0.07734375 0.4296875 0.0515625 0.1125
3 0.08671875 0.334375 0.0828125 0.0671875
3 0.03046875 0.26875 0.0609375 0.1078125
3 0.03203125 0.37734375 0.0578125 0.1