1 0.51171875 0.165625 0.153125 0.0984375
1 0.60390625 0.23671875 0.11875 0.16875
1 0.70390625 0.24296875 0.140625 0.134375
1 0.828125 0.225 0.175 0.1078125
1 0.446875 0.2265625 0.2078125 0.10625
1 0.72890625 0.32265625 0.1859375 0.1140625
1 0.84375 0.3171875 0.14375 0.159375
1 0.92578125 0.36015625 0.1421875 0.2515625
1 0.20625 0.30859375 0.31875 0.2453125
1 0.234375 0.3625 0.28125 0.2640625
1 0.384375 0.334375 0.196875 0.221875
1 0.55625 0.3109375 0.171875 0.1390625
1 0.63125 0.38125 0.4296875 0.1484375
1 0.63671875 0.44453125 0.190625 0.10625
1 0.13203125 0.54921875 0.2453125 0.1515625
1 0.3140625 0.46640625 0.2359375 0.209375
1 0.253125 0.5875 0.2765625 0.1328125
1 0.6703125 0.51875 0.26875 0.1671875
1 0.828125 0.47578125 0.1859375 0.1484375
1 0.8234375 0.56171875 0.1625 0.159375
1 0.45390625 0.478125 0.1703125 0.1578125
1 0.41953125 0.57890625 0.2953125 0.203125
1 0.32265625 0.70390625 0.36875 0.2390625
1 0.62578125 0.6484375 0.3859375 0.1484375
1 0.790625 0.68125 0.321875 0.1515625