4 0.0515625 0.078125 0.103125 0.15625
4 0.05390625 0.40078125 0.1078125 0.5078125
4 0.1953125 0.203125 0.25 0.40625
4 0.04921875 0.82265625 0.0984375 0.3546875
4 0.159375 0.95703125 0.16875 0.0859375
4 0.3984375 0.1 0.225 0.2
4 0.1734375 0.646875 0.2515625 0.528125
4 0.3546875 0.8375 0.2515625 0.325
4 0.375 0.4375 0.25625 0.534375
4 0.57890625 0.24765625 0.25625 0.4953125
4 0.7796875 0.14140625 0.25 0.2828125
4 0.915625 0.30625 0.16875 0.5078125
4 0.75859375 0.521875 0.25 0.525
4 0.74453125 0.88125 0.2546875 0.2296875
4 0.91171875 0.77578125 0.1765625 0.4484375