1 0.26953125 0.490625 0.1515625 0.09609375
1 0.35703125 0.290625 0.12734375 0.353125
1 0.4671875 0.2125 0.1421875 0.40390625
1 0.59765625 0.2796875 0.1203125 0.2671875
1 0.72109375 0.328125 0.1296875 0.28125
1 0.86328125 0.475 0.21640625 0.2765625
1 0.79453125 0.7171875 0.1421875 0.13203125
1 0.6390625 0.8390625 0.08671875 0.2453125
1 0.5265625 0.8015625 0.0890625 0.16796875
1 0.4203125 0.79453125 0.0578125 0.1515625
1 0.3421875 0.728125 0.1078125 0.1734375
1 0.2703125 0.61796875 0.11328125 0.09140625
4 0.55625 0.553125 0.08203125 0.1109375
4 0.63359375 0.578125 0.07421875 0.10546875