0 0.2734375 0.3125 0.103125 0.1015625
0 0.18359375 0.8546875 0.125 0.1375
0 0.0546875 0.890625 0.109375 0.1375
0 0.1125 0.50234375 0.1234375 0.15
0 0.21015625 0.40390625 0.0921875 0.0953125
0 0.34453125 0.64765625 0.1015625 0.121875
0 0.846875 0.55546875 0.109375 0.1484375
0 0.8359375 0.7953125 0.128125 0.16875
0 0.965625 0.509375 0.06875 0.1828125
0 0.5546875 0.32421875 0.1 0.10625
0 0.46015625 0.2609375 0.096875 0.1703125
0 0.79296875 0.24375 0.1140625 0.1375
0 0.746875 0.61796875 0.103125 0.1203125