0 0.0890625 0.2484375 0.134375 0.26953125
0 0.2234375 0.23828125 0.134375 0.259375
0 0.4390625 0.2453125 0.12734375 0.259375
0 0.56875 0.25234375 0.12734375 0.259375
0 0.77890625 0.2546875 0.1296875 0.25234375
0 0.9078125 0.23046875 0.13203125 0.14453125
0 0.0921875 0.8140625 0.12734375 0.1515625
0 0.2125 0.740625 0.13203125 0.2453125
0 0.50234375 0.74140625 0.1203125 0.20703125
0 0.50234375 0.8546875 0.11796875 0.115625
0 0.8078125 0.7921875 0.1390625 0.178125
0 0.921875 0.75234375 0.1390625 0.2046875