1 0.22578125 0.22890625 0.065625 0.2015625
1 0.3171875 0.22734375 0.05 0.146875
1 0.38984375 0.22734375 0.0578125 0.115625
1 0.46640625 0.2265625 0.0546875 0.1265625
1 0.5375 0.22578125 0.0546875 0.13125
1 0.60859375 0.228125 0.05625 0.1265625
1 0.68046875 0.23046875 0.059375 0.109375
1 0.74453125 0.24609375 0.046875 0.0953125
1 0.478125 0.62265625 0.0546875 0.15625
1 0.28359375 0.4140625 0.0484375 0.14375
1 0.60390625 0.38359375 0.05 0.1390625
1 0.5203125 0.82265625 0.0625 0.2140625
1 0.7046875 0.803125 0.06875 0.1921875
1 0.7890625 0.77265625 0.0609375 0.140625
1 0.85078125 0.73203125 0.046875 0.0875
1 0.57265625 0.61171875 0.0578125 0.1296875
1 0.78515625 0.396875 0.059375 0.16875
1 0.52265625 0.371875 0.0546875 0.121875