4 0.1578125 0.7453125 0.1203125 0.19375
4 0.32265625 0.64296875 0.121875 0.1828125
4 0.3703125 0.5609375 0.05 0.078125
4 0.515625 0.4203125 0.0703125 0.084375
4 0.50234375 0.5203125 0.109375 0.1484375
4 0.559375 0.73828125 0.071875 0.115625
4 0.671875 0.578125 0.1 0.1609375
4 0.7 0.459375 0.103125 0.15
4 0.37265625 0.2046875 0.0375 0.11875
4 0.45859375 0.103125 0.1453125 0.203125
4 0.22578125 0.51328125 0.0921875 0.134375
4 0.3171875 0.06015625 0.0625 0.1078125
1 0.24609375 0.15234375 0.1578125 0.2359375
1 0.12109375 0.38671875 0.14375 0.11875
1 0.1765625 0.55390625 0.1296875 0.2328125
1 0.5171875 0.665625 0.078125 0.246875
1 0.77578125 0.43515625 0.178125 0.3453125
1 0.6015625 0.3421875 0.09375 0.24375
1 0.453125 0.2390625 0.1328125 0.11875
1 0.5953125 0.06875 0.065625 0.1375