5 0.2640625 0.41953125 0.2234375 0.0890625
5 0.28125 0.5328125 0.2359375 0.19921875
5 0.2875 0.70078125 0.2640625 0.3890625
5 0.375 0.75234375 0.17578125 0.4375
5 0.46015625 0.771875 0.103125 0.34609375
5 0.5984375 0.7671875 0.19921875 0.42578125
5 0.6703125 0.671875 0.22578125 0.24765625
5 0.6921875 0.58671875 0.2328125 0.25703125
5 0.7328125 0.4046875 0.26953125 0.1296875
5 0.7453125 0.50234375 0.22578125 0.1515625
5 0.51796875 0.17578125 0.10546875 0.31015625
5 0.6109375 0.19375 0.18515625 0.2859375
5 0.66015625 0.2921875 0.18984375 0.18984375
5 0.44140625 0.1578125 0.071875 0.2765625
5 0.3640625 0.209375 0.1734375 0.31953125
5 0.30625 0.27734375 0.178125 0.228125