1 0.19765625 0.22421875 0.2671875 0.359375
1 0.27265625 0.27421875 0.2875 0.325
1 0.44453125 0.07421875 0.1453125 0.1453125
1 0.521875 0.1296875 0.296875 0.259375
1 0.521875 0.24921875 0.290625 0.2859375
1 0.71484375 0.153125 0.1515625 0.30625
1 0.86953125 0.3265625 0.2453125 0.3671875
1 0.70234375 0.42578125 0.3015625 0.353125
1 0.2578125 0.39609375 0.2734375 0.30625
1 0.56875 0.36328125 0.4015625 0.1515625
1 0.43828125 0.4921875 0.4015625 0.225
1 0.75703125 0.740625 0.3625 0.34375
1 0.78515625 0.67734375 0.390625 0.2578125
1 0.5515625 0.71015625 0.315625 0.3875
1 0.35078125 0.74609375 0.3 0.378125
1 0.23671875 0.75625 0.2671875 0.403125
1 0.13046875 0.803125 0.1859375 0.39375