4 0.4375 0.16953125 0.1296875 0.134375
4 0.35703125 0.3171875 0.134375 0.13671875
4 0.8140625 0.44375 0.13203125 0.1515625
4 0.76328125 0.64296875 0.1390625 0.14921875
4 0.74375 0.80625 0.14453125 0.15859375
4 0.56953125 0.82421875 0.14453125 0.1515625
4 0.2140625 0.78515625 0.14921875 0.1515625
4 0.19140625 0.69609375 0.14453125 0.1421875
4 0.33984375 0.69453125 0.14921875 0.146875
4 0.33984375 0.5421875 0.13203125 0.1390625
4 0.290625 0.55078125 0.13671875 0.134375
4 0.41015625 0.484375 0.1390625 0.13203125
4 0.49375 0.3609375 0.125 0.13203125
4 0.55078125 0.40234375 0.11328125 0.134375
4 0.67421875 0.42890625 0.12734375 0.1296875
4 0.553125 0.49765625 0.1203125 0.084375
4 0.46484375 0.603125 0.12734375 0.13671875
4 0.6390625 0.55859375 0.1390625 0.13203125
4 0.55625 0.646875 0.05078125 0.16328125
4 0.6421875 0.69609375 0.1390625 0.14921875