0 0.65703125 0.6578125 0.05 0.05625
0 0.66875 0.39296875 0.0359375 0.034375
0 0.6734375 0.42421875 0.040625 0.0328125
0 0.759375 0.65625 0.0671875 0.0328125
0 0.7359375 0.69609375 0.065625 0.0546875
0 0.02578125 0.30078125 0.0515625 0.18125
0 0.040625 0.371875 0.08125 0.153125
0 0.07734375 0.40390625 0.1125 0.1578125
0 0.1203125 0.45625 0.10625 0.1640625
0 0.02734375 0.575 0.053125 0.075
0 0.00859375 0.61484375 0.0171875 0.059375
0 0.15546875 0.4234375 0.0546875 0.0671875
0 0.23203125 0.39296875 0.071875 0.0328125
0 0.24453125 0.42265625 0.0609375 0.03125
0 0.2453125 0.45390625 0.053125 0.0265625
0 0.265625 0.509375 0.0640625 0.0953125
0 0.15625 0.54296875 0.053125 0.0609375
0 0.15546875 0.4859375 0.046875 0.059375
0 0.203125 0.5375 0.0484375 0.065625
0 0.2 0.478125 0.0453125 0.0609375
0 0.196875 0.41640625 0.03125 0.03125
0 0.2 0.43984375 0.0328125 0.0234375
0 0.078125 0.609375 0.059375 0.0859375
0 0.25078125 0.74765625 0.059375 0.0390625
0 0.21484375 0.81171875 0.0578125 0.0390625
0 0.17578125 0.85703125 0.0546875 0.04375
0 0.1625 0.7359375 0.05625 0.034375
0 0.1203125 0.77734375 0.0453125 0.034375
0 0.02265625 0.71015625 0.0453125 0.0296875
0 0.0578125 0.77578125 0.0421875 0.0265625
0 0.17578125 0.85546875 0.0546875 0.0453125
0 0.30390625 0.48203125 0.03125 0.0234375