3 0.17265625 0.1203125 0.3453125 0.240625
3 0.1859375 0.38671875 0.371875 0.30625
3 0.44296875 0.13828125 0.2703125 0.2765625
3 0.19296875 0.74765625 0.3859375 0.2625
3 0.28671875 0.87421875 0.5734375 0.16875
3 0.4421875 0.37890625 0.2578125 0.2125
3 0.4890625 0.53125 0.3640625 0.159375
3 0.67734375 0.3875 0.21875 0.15
3 0.70625 0.559375 0.090625 0.121875
3 0.8109375 0.5875 0.103125 0.1125
3 0.775 0.73515625 0.1875 0.0984375
3 0.2859375 0.628125 0.571875 0.1765625
3 0.653125 0.66796875 0.1765625 0.125
3 0.53125 0.73671875 0.3109375 0.146875
3 0.6171875 0.9078125 0.1046875 0.0984375
3 0.65625 0.84453125 0.178125 0.1234375
3 0.76796875 0.86796875 0.2046875 0.1234375