0 0.09921875 0.071875 0.0625 0.0671875
0 0.35390625 0.07109375 0.0671875 0.0609375
0 0.60625 0.06875 0.0625 0.059375
0 0.87109375 0.07109375 0.0953125 0.0734375
0 0.853125 0.2328125 0.1046875 0.0671875
0 0.5921875 0.22265625 0.0984375 0.0640625
0 0.39296875 0.2328125 0.084375 0.0609375
0 0.62421875 0.41015625 0.1015625 0.0765625
0 0.8828125 0.4140625 0.1546875 0.1140625
0 0.628125 0.58046875 0.0984375 0.071875
0 0.8734375 0.60078125 0.1109375 0.0859375
0 0.1359375 0.57265625 0.0890625 0.0703125
0 0.3734375 0.58046875 0.1546875 0.0984375
0 0.3921875 0.753125 0.0921875 0.078125
0 0.6109375 0.7453125 0.0734375 0.065625
0 0.8765625 0.73515625 0.128125 0.096875
0 0.128125 0.75625 0.115625 0.08125
0 0.13125 0.9046875 0.0828125 0.071875
0 0.3859375 0.9078125 0.0734375 0.0609375
0 0.60234375 0.89140625 0.046875 0.0515625
0 0.1265625 0.4015625 0.0984375 0.0625
0 0.33359375 0.3828125 0.0625 0.034375
0 0.871875 0.9109375 0.090625 0.0703125