4 0.1796875 0.471875 0.1421875 0.225
4 0.5890625 0.2015625 0.1359375 0.1921875
4 0.36953125 0.34296875 0.1515625 0.2390625
4 0.3796875 0.43515625 0.15 0.215625
4 0.50390625 0.36484375 0.1328125 0.2109375
4 0.625 0.3328125 0.115625 0.1515625
4 0.76328125 0.371875 0.1265625 0.209375
4 0.65546875 0.41015625 0.1484375 0.2203125
4 0.553125 0.51328125 0.140625 0.215625
4 0.6921875 0.5109375 0.128125 0.1984375
4 0.8265625 0.5765625 0.1453125 0.2359375
4 0.5046875 0.61171875 0.1421875 0.2109375
4 0.37890625 0.68984375 0.146875 0.246875
4 0.55859375 0.74765625 0.1671875 0.2453125