5 0.12734375 0.37734375 0.09375 0.290625
5 0.2359375 0.390625 0.07421875 0.321875
5 0.328125 0.4984375 0.06484375 0.196875
5 0.33515625 0.30859375 0.0578125 0.16796875
5 0.43046875 0.3265625 0.06015625 0.1875
5 0.51796875 0.3640625 0.04296875 0.26953125
5 0.42890625 0.521875 0.07421875 0.14921875
5 0.41953125 0.703125 0.103125 0.13203125
5 0.54921875 0.70078125 0.08203125 0.134375
5 0.7046875 0.70078125 0.06484375 0.14921875
5 0.7703125 0.71015625 0.0484375 0.11328125
5 0.13359375 0.6625 0.0984375 0.2234375
5 0.259375 0.69140625 0.1203125 0.1609375
5 0.69921875 0.52734375 0.0578125 0.1734375
5 0.6046875 0.30390625 0.06484375 0.134375
5 0.6875 0.32578125 0.05078125 0.178125
5 0.540625 0.56640625 0.06953125 0.11796875
5 0.61328125 0.4484375 0.05078125 0.0984375