4 0.1984375 0.4671875 0.209375 0.15625
4 0.39296875 0.2765625 0.1875 0.17578125
4 0.68125 0.240625 0.17578125 0.1875
4 0.87734375 0.18984375 0.1875 0.16796875
4 0.81640625 0.4 0.18515625 0.18046875
4 0.8953125 0.66328125 0.2015625 0.2015625
4 0.7015625 0.8328125 0.19921875 0.17578125
4 0.5046875 0.83671875 0.1828125 0.17578125
4 0.33046875 0.59375 0.178125 0.17578125
4 0.19921875 0.2828125 0.17578125 0.178125
4 0.7015625 0.66328125 0.17578125 0.1421875
4 0.52265625 0.6546875 0.1703125 0.1734375
4 0.0640625 0.69375 0.12734375 0.19921875