4 0.06953125 0.32734375 0.109375 0.1109375
4 0.2265625 0.3296875 0.121875 0.1234375
4 0.3890625 0.32578125 0.1234375 0.1234375
4 0.59140625 0.32265625 0.140625 0.146875
4 0.82421875 0.3140625 0.1890625 0.1921875
4 0.13046875 0.56484375 0.096875 0.0984375
4 0.2671875 0.56875 0.10625 0.1125
4 0.41171875 0.565625 0.1078125 0.109375
4 0.5890625 0.56171875 0.125 0.13125
4 0.828125 0.54921875 0.1875 0.19375
4 0.8390625 0.77421875 0.1859375 0.19375
4 0.58359375 0.76015625 0.1265625 0.13125
4 0.40625 0.76328125 0.1046875 0.1109375
4 0.2625 0.76640625 0.10625 0.1140625
4 0.1234375 0.76484375 0.096875 0.0984375