3 0.1453125 0.053125 0.290625 0.10625
3 0.146875 0.21953125 0.29375 0.1578125
3 0.37578125 0.1703125 0.490625 0.1875
3 0.68046875 0.06171875 0.390625 0.1234375
3 0.87265625 0.0296875 0.2515625 0.059375
3 0.6796875 0.23984375 0.3828125 0.1453125
3 0.8671875 0.18515625 0.265625 0.1875
3 0.6875 0.44375 0.3765625 0.14375
3 0.14921875 0.4375 0.2984375 0.15
3 0.3796875 0.4 0.4953125 0.1796875
3 0.86875 0.41484375 0.2625 0.1703125
3 0.86875 0.64765625 0.2625 0.153125
3 0.075 0.64765625 0.15 0.153125
3 0.1484375 0.8578125 0.296875 0.14375
3 0.38828125 0.64140625 0.4984375 0.1609375
3 0.39375 0.87109375 0.4984375 0.1453125
3 0.68671875 0.653125 0.109375 0.14375
3 0.86875 0.87109375 0.2625 0.1453125
3 0.67265625 0.85703125 0.1765625 0.1375