5 0.12890625 0.1515625 0.1203125 0.19921875
5 0.35546875 0.1578125 0.1515625 0.1734375
5 0.57578125 0.1515625 0.09375 0.178125
5 0.821875 0.14921875 0.19921875 0.1734375
5 0.146875 0.36875 0.1390625 0.1828125
5 0.3640625 0.3796875 0.12734375 0.196875
5 0.5625 0.36640625 0.146875 0.21640625
5 0.80859375 0.375 0.25703125 0.1828125
5 0.13828125 0.6109375 0.115625 0.18515625
5 0.3609375 0.60234375 0.1703125 0.15859375
5 0.57578125 0.59375 0.1109375 0.2046875
5 0.8015625 0.60703125 0.25703125 0.146875
5 0.14921875 0.83984375 0.1734375 0.1828125
5 0.35546875 0.83046875 0.1203125 0.2234375
5 0.57109375 0.83515625 0.1109375 0.2234375
5 0.81953125 0.83515625 0.2140625 0.1203125