3 0.1671875 0.1375 0.0734375 0.084375
3 0.25546875 0.14609375 0.0640625 0.0765625
3 0.3359375 0.134375 0.065625 0.08125
3 0.1984375 0.23359375 0.078125 0.1
3 0.2875 0.2296875 0.075 0.0828125
3 0.48515625 0.1578125 0.0625 0.0859375
3 0.559375 0.16796875 0.0703125 0.084375
3 0.6875 0.1828125 0.109375 0.125
3 0.778125 0.16796875 0.0671875 0.0734375
3 0.81015625 0.24453125 0.046875 0.05625
3 0.7484375 0.26328125 0.0734375 0.0796875
3 0.82734375 0.35 0.075 0.0921875
3 0.39296875 0.2015625 0.103125 0.13125
3 0.4796875 0.24140625 0.0453125 0.05625
3 0.1203125 0.3484375 0.125 0.1546875
3 0.2734375 0.3421875 0.0953125 0.1203125
3 0.4 0.34375 0.1203125 0.165625
3 0.5453125 0.3140625 0.134375 0.1734375
3 0.6390625 0.26953125 0.071875 0.0875
3 0.7109375 0.39375 0.165625 0.19375
3 0.821875 0.4453125 0.053125 0.0671875
3 0.18984375 0.6265625 0.35 0.465625
3 0.50625 0.62578125 0.3296875 0.43125
3 0.79765625 0.62890625 0.2515625 0.31875