1 0.4671875 0.6109375 0.490625 0.43515625
1 0.67890625 0.6390625 0.3125 0.290625
1 0.87265625 0.69375 0.1828125 0.18515625
4 0.37734375 0.86796875 0.08671875 0.0890625
4 0.584375 0.859375 0.0984375 0.09375
4 0.79453125 0.8703125 0.0890625 0.0890625
4 0.821875 0.4390625 0.1109375 0.103125
4 0.93984375 0.5265625 0.11796875 0.1109375
4 0.94140625 0.2984375 0.115625 0.21640625
4 0.69453125 0.240625 0.2015625 0.21875
4 0.49296875 0.36640625 0.14921875 0.1515625
4 0.365625 0.225 0.2234375 0.2234375
4 0.08203125 0.2703125 0.16328125 0.21875
4 0.07421875 0.4765625 0.1484375 0.15
4 0.08046875 0.7015625 0.05546875 0.05546875
4 0.03515625 0.75703125 0.0578125 0.0625
4 0.1140625 0.76953125 0.0578125 0.05546875
4 0.16328125 0.72109375 0.0578125 0.06484375
4 0.18515625 0.5984375 0.115625 0.12265625
4 0.36171875 0.525 0.1078125 0.11328125
4 0.25625 0.41328125 0.14921875 0.146875