5 0.07109375 0.45078125 0.0984375 0.1875
5 0.11875 0.1609375 0.0984375 0.22109375
5 0.21484375 0.171875 0.07421875 0.1828125
5 0.4390625 0.15859375 0.1109375 0.22109375
5 0.5359375 0.16953125 0.084375 0.17578125
5 0.7671875 0.1515625 0.10546875 0.209375
5 0.87109375 0.16796875 0.06953125 0.18515625
5 0.31953125 0.46171875 0.10546875 0.19921875
5 0.4171875 0.4859375 0.071875 0.15859375
5 0.5734375 0.4671875 0.11328125 0.19921875
5 0.6765625 0.4734375 0.0765625 0.20703125
5 0.87890625 0.48046875 0.09609375 0.17578125
5 0.0640625 0.775 0.0984375 0.19921875
5 0.15625 0.78828125 0.07421875 0.16796875
5 0.3609375 0.7953125 0.0890625 0.15859375
5 0.5609375 0.78828125 0.0984375 0.18515625
5 0.6546875 0.79453125 0.06484375 0.1703125
5 0.83984375 0.78359375 0.115625 0.20703125
5 0.94453125 0.79921875 0.08203125 0.18984375