4 0.1 0.26171875 0.11328125 0.19453125
4 0.2234375 0.2609375 0.1203125 0.21640625
4 0.3578125 0.26328125 0.134375 0.22109375
4 0.50390625 0.25703125 0.14921875 0.24296875
4 0.68046875 0.24765625 0.146875 0.26171875
4 0.884375 0.19921875 0.16796875 0.2640625
4 0.81484375 0.43046875 0.1734375 0.25234375
4 0.60234375 0.45546875 0.10546875 0.17578125
4 0.4203125 0.4546875 0.1109375 0.1609375
4 0.1421875 0.509375 0.17578125 0.259375
4 0.14765625 0.78359375 0.1734375 0.28359375
4 0.33515625 0.6453125 0.15859375 0.259375
4 0.40859375 0.85703125 0.11328125 0.17578125
4 0.51328125 0.6546875 0.1421875 0.2453125
4 0.6609375 0.665625 0.13203125 0.23828125
4 0.7921875 0.665625 0.12265625 0.2015625
4 0.91328125 0.678125 0.1078125 0.1875
4 0.59765625 0.85703125 0.1078125 0.18515625
4 0.77421875 0.86171875 0.11328125 0.165625